10000
1617
3261
6426
7498
7099
8045
6159
5673
9431
81
3998
8346
5986
1220
5993
2828
4778
7300
4057
7746
5414
8097
9315
7136
289
7152
3862
322
9982
2012
961
4937
3503
7642
3281
7859
9552
2663
6920
1190
8238
5104
649
9625
1942
2429
9536
8350
9272
6780
2799
9600
2585
6822
4034
5205
520
1935
3588
3712
8664
7551
4075
8150
2252
4648
8734
7770
9266
6148
8631
551
8598
1261
6115
9210
3383
2840
8213
2266
9446
9759
235
933
7738
5865
7897
7080
9137
2056
4226
9834
2369
8494
7973
5813
3837
8669
8867
4371
883
7242
558
6593
4689
397
1549
7138
568
5416
5853
8899
1769
2337
8210
5174
2108
4974
5131
9885
1616
9164
2755
4613
5021
7452
8147
8557
7620
267
3060
7505
6168
172
6275
9879
9510
9972
8638
6981
9967
8049
4714
157
8454
7144
5527
7991
9877
3578
1243
3481
2154
4050
9035
3381
5983
7117
2329
3471
9559
1751
4902
9914
4068
1822
4744
3806
1910
3717
6839
8375
8990
8759
1842
5277
784
9782
175
6476
7255
2207
5231
4384
9250
3100
2975
5502
7772
2070
2923
1873
1930
8004
6717
8912
7805
9972
9107
3545
9143
9429
2159
5612
378
4911
6679
4950
7052
2399
3373
4249
1271
2259
3097
9588
796
1999
7907
9492
4456
1737
3501
8151
7759
9943
7644
440
1749
6579
1335
6748
3340
6535
711
7512
5479
3675
4607
2989
9884
9721
5382
4433
4664
4409
47
5211
3757
3630
8602
7883
7975
108
2947
6932
3676
9716
8983
7302
737
4829
9175
9036
2681
929
5702
9839
2712
5441
9037
9797
70
5974
5837
4906
5072
2661
2100
5977
8632
5102
88
2455
6908
2946
145
140
6644
7454
7684
4239
7285
6648
7081
8540
8259
4980
830
2645
5747
6708
372
6899
8830
7114
439
6007
7617
2459
28
3985
9585
2755
7458
1099
7756
4462
779
8036
7099
3418
8980
5429
4068
9511
9424
3345
2924
3879
1827
8269
2394
4168
9882
7865
2934
987
6632
5115
4496
6320
5546
6567
5709
624
940
8701
5019
679
85
9199
694
4524
9757
9772
9716
4526
1472
8926
4891
1740
1594
9805
2274
33
8545
5710
1924
7499
8467
8971
6081
6102
1460
6128
5118
8778
1961
7759
2845
9406
8787
7073
8200
727
4707
4954
6215
3009
6988
5784
7905
3096
759
9271
6959
1251
9999
1267
8171
2142
5868
6636
6439
7523
541
3663
9371
1589
5550
8567
3718
6920
2970
9359
2133
9440
2521
2802
578
6084
1018
2481
2532
8750
2781
4369
2660
1859
4807
2638
8095
4938
2136
1136
7543
6714
9305
1433
8005
9396
6302
4535
473
1386
7260
1948
1666
4394
7332
3560
3529
76
5645
3472
5767
9716
832
7773
6214
8275
5997
1843
6357
8257
6795
7980
4246
2543
7692
5793
9633
9164
686
5316
7243
2838
9246
8413
5074
7003
3016
5103
7983
331
7161
2326
4590
7275
8277
5008
9017
6793
6052
8069
9184
4535
6680
596
8885
2054
6474
939
9636
1361
7506
8594
9136
2626
9780
8757
1417
6757
5575
8237
8073
5431
1874
569
9613
314
3632
2030
3441
2248
5170
7320
8100
4753
2371
9116
1259
2484
7735
1868
1697
4886
9292
1557
9900
481
2883
3593
9755
2364
3672
2468
2555
1715
3196
5693
8073
8771
2900
6923
3554
8884
9898
6641
5494
5859
2865
4072
6331
2747
1319
4727
413
7280
6323
9281
211
8215
461
284
6653
1797
1005
3273
5241
6179
6427
1941
8805
4235
2614
4955
7375
4162
5056
8515
5049
5313
8294
3563
6360
3393
7998
9905
7739
6626
7913
4554
3944
1865
9464
7346
3106
8612
362
7136
5095
8059
1299
8517
6566
6789
6601
9505
9789
8404
3208
6195
3201
1870
1829
4395
4551
8729
8608
2509
2399
626
1874
2724
5888
5177
3846
9872
4222
4477
9652
1725
1592
7840
3976
9618
4686
8998
882
3
4288
224
1062
7315
866
6191
9635
330
5692
2823
5313
2063
2189
7234
6659
818
7567
6957
6140
1321
2917
8787
3119
1140
7985
7524
2222
9183
8835
3314
2164
1268
3612
360
718
330
785
5927
4467
4318
2090
383
6133
4060
4650
8950
1664
5338
1673
6920
7615
7281
956
971
9134
6169
1590
1293
2857
6528
7352
3100
8116
7031
9093
3186
5956
2874
2304
5100
4746
9593
2726
3525
8896
9783
9816
7731
6572
7838
5553
4590
7906
8429
7526
696
1413
3392
8331
7294
3198
4938
3634
5193
4885
8514
8078
1217
8092
119
8262
2543
7148
4880
9589
9518
2102
2581
2158
1661
7099
9316
8844
7651
3368
737
7047
4416
5737
1997
3492
8875
2079
6545
9556
5133
4636
9063
1004
1753
266
4245
4708
4647
4667
4695
5465
1836
8732
7001
125
8728
6947
9550
5438
3211
5719
1359
8164
5348
9406
259
244
1544
5809
6519
1890
5004
2092
3851
1827
7471
2370
1193
5440
9862
4686
5635
6086
3141
1684
7895
299
3175
2629
3489
3371
2299
2097
9069
5616
6027
5127
3512
5328
7609
6408
2739
704
9225
154
1858
1063
9141
5352
8407
7613
9393
3319
8709
4674
4140
5683
8868
8203
847
6279
9889
1750
1733
5548
5647
6815
5351
1289
2590
748
8307
8425
982
5219
6600
58
3984
3819
3249
1441
6337
6623
5883
9770
1188
8127
5445
7165
6099
9249
6163
3085
7810
5605
4639
6795
4776
9670
8077
5847
2826
731
1721
9798
4790
830
8687
9663
7913
9620
8902
3871
4590
315
4762
620
8259
9266
5188
4407
5977
9057
2552
7770
5496
8586
3052
1025
828
4039
6112
7414
7297
9299
8318
6836
3558
5349
1456
9933
6401
3574
3416
3479
5343
9748
879
7761
5014
2479
8814
6323
5529
9312
6530
3699
6983
1018
7152
6916
9744
9032
1429
8201
3189
8502
4040
5944
3531
2764
8815
1305
9612
1093
8011
1021
3306
3758
4977
3564
8256
9
3685
9879
4775
3937
7813
5740
2978
2968
3071
3367
8039
413
9712
3221
7963
5513
3706
4868
9608
4456
6849
2839
1693
4085
7587
2838
4835
1965
6386
5105
7815
7062
1279
8869
4584
8105
2132
5623
3119
6314
29
2942
3782
8184
6692
8637
6871
2144
1161
8942
178
9692
8714
3146
586
3273
6277
4948
6156
7926
151
6565
1197
3080
9727
8482
9152
4730
4804
2955
5200
66
6047
6797
8528
1711
9687
5430
1901
7806
2311
9544
3708
1820
6862
327
5717
4822
467
2252
7244
6140
6739
2444
8696
3604
5705
5827
3169
9466
5928
8714
8491
9157
2040
775
1225
4069
7226
452
6800
7609
4090
6616
938
2797
6736
5569
9748
8496
435
8051
1140
3795
4283
3545
6426
4654
3969
1770
9025
2925
933
5224
7666
9319
1787
2994
4838
287
6724
5498
5286
9299
4548
6224
4369
1522
501
6700
89
6475
392
1371
9754
6368
1651
5665
6168
4985
7179
3213
1396
6117
4639
634
9066
5291
2174
3537
4938
5759
2935
4588
1682
9121
8747
8406
5236
1583
5073
7166
3529
9242
3494
8266
1586
4310
8638
7271
7606
7226
4188
6671
1869
3128
7833
548
5687
9719
9173
4696
202
5723
6215
335
2039
38
4962
2892
4952
2680
8167
9544
2520
2946
6081
9026
2270
6297
513
4480
3848
2421
502
2291
2848
8633
9256
9705
8141
4557
9634
6971
8393
5031
4282
6631
5802
7928
8446
7816
384
2402
7964
8961
9034
8423
9709
5849
4229
8157
5216
559
7458
8734
3567
1071
2306
204
9152
941
5296
7634
1530
5614
9788
8037
1186
8535
4432
2969
6449
4413
4672
1680
7955
3867
9139
7101
6063
9937
7368
3767
8558
7193
9767
985
218
3318
8758
7094
8229
4885
9940
7130
4594
3877
7845
6907
6963
6723
2331
5358
801
4830
8925
6950
818
2122
7159
4104
8586
5536
8077
2570
6544
2034
701
7049
9899
4907
8976
2858
6426
4357
4125
9448
2925
1269
8267
9212
2611
8320
6496
683
8096
3105
522
7881
6651
9859
3945
939
9954
7864
9144
2714
7578
3676
3766
9556
9926
2084
5797
5532
1555
5856
479
5953
8127
1344
8943
8412
3156
6626
4003
5156
3796
3833
2300
8972
5650
2121
8511
7963
5195
6095
5260
2572
5439
7262
2376
7276
7584
4868
1497
9760
2342
9275
5901
1209
3468
5323
7351
5520
3226
1948
9160
5916
1232
9418
1862
1315
2444
8865
7419
7628
4297
488
397
1522
6612
2090
2277
9925
8731
6431
5727
7291
389
9417
285
4676
9384
6186
3431
3643
2603
7683
7427
7544
8168
4199
8253
5522
9325
6511
4707
7250
3296
662
1712
1011
7565
2692
6259
2661
2301
7304
8203
9552
2084
5615
3153
3910
1079
8593
722
4529
2377
3722
6423
6476
3681
4326
4163
3870
2217
9318
9689
5392
1077
2623
5192
1216
4493
5441
9428
2222
489
5557
7713
3060
9305
4096
6142
2034
3694
3877
5820
6231
4744
8886
6410
1500
2589
2746
911
906
4467
3610
5170
5068
1130
8934
1609
575
313
6853
5949
8181
9299
6521
1286
2441
182
2097
2584
4141
4160
8968
8794
4656
2589
7034
2319
2155
5746
3591
1778
3274
7968
5472
19
1368
8085
8335
2328
2931
1412
9187
1762
5838
3023
6472
6158
757
431
4725
8339
2427
7921
6751
3679
704
8924
315
8089
3342
3282
3441
9890
9763
4931
9404
254
8745
3657
3102
1768
2000
1652
7872
7815
4221
7186
7750
2715
7435
5561
3569
7843
2960
5045
9534
8175
3995
5305
6093
3373
9593
883
6572
7155
7047
8625
577
4504
1778
7498
7734
4318
2522
4235
1503
7519
3029
8254
1479
8484
9040
6600
6168
2476
2128
5792
5706
6127
422
6455
3843
5376
2720
1032
732
7736
2829
5838
2516
9860
7353
1932
9037
6013
9670
9069
3796
2016
8331
5337
2671
1194
9414
4688
4655
9426
2014
9094
8565
2851
2644
6571
193
2932
1959
6214
8661
8133
5606
61
7432
1976
2208
6180
3750
8090
9735
8943
7173
477
5315
534
1042
4787
2659
9188
5130
297
3567
9676
5637
3245
4409
8185
2988
1262
1137
6271
4731
3551
5496
4515
3874
5687
8252
9876
4053
8696
7185
9301
4643
2809
4385
4921
4212
7203
4539
2089
9852
7380
3287
6324
9340
4516
7817
3652
6328
3554
8340
425
978
8985
4389
9668
677
7988
9600
3378
7918
3083
4761
7779
3333
1050
7961
4950
2153
156
6848
2147
5705
6969
3241
1380
5312
8153
3465
145
9096
3092
9761
4262
6366
4023
8100
4115
1750
9781
82
7361
4501
4536
5602
9100
3597
450
1566
9073
8486
9893
88
9909
2646
4922
5291
9615
1139
8290
7180
9843
8112
4103
1599
700
8276
3182
550
8198
4584
780
3412
2853
6270
7426
3696
7157
6127
1014
5493
7487
6669
9791
5446
3428
3959
7389
7007
217
1931
6482
5174
1999
2069
7745
721
5662
7094
5362
9009
7326
416
495
4779
6914
3469
8430
2712
4081
6416
8730
2642
8450
1283
5840
8863
5667
9199
2020
9098
7222
6298
4878
6604
8313
6443
3973
4186
8801
457
5317
552
6162
8113
6144
4027
5100
8838
6911
9628
5685
7331
6434
3417
6912
3260
2204
8869
5432
707
7044
6160
3867
5526
9337
4545
53
7429
7734
8495
5287
9521
9662
7679
868
4304
8276
6856
9576
4798
9945
2162
5781
2573
4242
2077
5932
8317
9526
7326
2692
5638
7185
3652
1866
9378
2696
2617
8742
2136
3754
1332
9813
8659
2990
6923
6552
9937
5215
197
8601
7239
2049
5454
4853
5538
1502
148
1354
5816
6162
1358
8254
4269
4735
2668
7321
8049
6350
9081
9281
3463
6451
333
1792
1649
5019
1327
8324
5783
6149
72
9778
1654
9418
2674
6920
8245
9258
3296
350
2594
7556
9943
4296
2747
178
4570
6955
6985
9967
2931
1225
2055
5878
8813
8171
4944
5960
5791
9418
8966
4810
6579
5625
591
6168
3956
4275
1898
2346
3253
2957
7216
3954
4415
4663
2373
1614
4371
5572
7837
6000
2061
6275
7403
3255
3113
5562
5669
9258
8047
6462
3843
977
6650
4786
6022
6976
9111
4873
5750
2001
1449
7609
1892
7325
4553
6030
9550
1030
9386
5608
6881
2324
5179
2851
8040
2522
5141
6465
210
804
8164
7350
4850
8800
7587
3551
5872
2534
7040
6911
9485
2693
8622
2504
371
971
7641
7874
379
1136
6629
4380
4984
3200
4031
6876
5217
1491
997
2916
1325
3627
4369
1652
54
5769
7536
5989
8159
3293
3394
2281
3778
3112
7914
5293
1602
5759
4068
6151
7935
4575
2774
9650
4216
6727
7503
9779
5803
2662
8445
584
5704
4594
7531
940
9380
8514
1222
7897
3768
5081
7633
5322
7209
9503
9471
5084
5715
4446
2237
9297
3119
4518
3810
1136
4932
3197
7902
8108
9609
3639
7760
4879
2889
4701
5604
8947
1775
3709
3561
7470
7904
6654
5633
583
3112
447
289
1017
4028
8043
2728
1587
9135
5882
5373
2217
7872
887
1825
3883
272
857
1427
3871
9106
5025
9314
9741
2459
4991
2989
4520
5449
65
7094
5876
3712
9514
982
1128
415
9450
5418
6242
9538
7919
6410
7457
2960
4632
4970
6691
7172
8322
9914
3211
7049
3553
9816
3982
1822
3101
7397
3579
4201
3782
9573
8804
568
2901
3312
7102
354
9952
1382
6577
9100
1082
8127
3164
4056
2661
8015
7464
776
7892
889
9623
4224
1330
4763
5897
8985
265
3303
3659
5650
4160
1649
3180
7697
8580
2900
125
392
4865
6688
3381
5410
3373
2606
8222
8652
9857
4548
2928
6320
4581
9923
1943
1709
8535
6349
9283
4323
4168
8437
9324
2698
6019
8255
5264
2898
554
678
3451
3524
7455
156
8578
2344
9213
7532
9852
7984
5760
8171
3613
8210
567
3693
7072
1603
9876
468
5984
8398
9678
3236
1123
1267
628
4321
2595
1757
4509
9642
8075
7708
3904
2191
4987
3457
1437
4364
2344
3976
1575
9098
6323
9919
7999
1147
7940
5701
862
4324
4339
9854
5822
5623
8962
3443
3734
5869
1834
1606
8560
5891
6753
9331
2760
2860
613
8193
1219
5316
3432
2952
6506
4372
5448
2989
2273
2577
169
8281
5144
1375
7409
680
398
4691
1455
3565
3709
4135
2713
5474
4582
2950
321
4412
2858
8343
6324
7886
5714
6358
3631
6052
4987
9341
1422
4096
3153
3827
3314
2114
8279
2987
5629
7711
1585
5917
1725
2196
686
7009
9235
5972
2757
4151
4240
1117
1146
4996
4411
9161
9037
103
1457
5729
4064
6538
6409
9451
4611
1236
7283
5636
670
5643
8428
8680
4618
7031
5536
7646
1212
3521
637
1073
9391
7354
4480
9049
3437
3416
3247
5385
5562
8363
7026
5169
9901
9326
655
9987
7915
6313
5104
3474
1522
8387
5682
983
9935
9077
3181
8062
4844
6698
1355
6045
3497
4082
6599
8100
1542
118
8228
3615
8299
7158
6935
9209
7141
7549
7809
3867
733
1958
861
2722
85
8664
1779
399
5426
2717
38
3783
1665
1104
9936
107
2056
9237
3208
434
5098
8402
9885
5138
7845
4235
354
3837
7404
4300
118
8024
428
1119
5871
4199
750
2845
9522
5236
2056
7825
2785
271
7280
9704
1425
2895
4030
5093
6263
135
9772
6833
4511
1379
61
9039
8169
9633
7927
1982
7168
5133
542
2535
2600
5125
9886
9750
8404
7723
6293
7526
4145
473
6843
933
5042
2814
2128
8711
1656
7879
160
8662
4654
8937
5125
5190
6031
6762
1097
1255
724
3263
7941
1620
1550
9360
187
8856
9196
824
4957
5392
6122
7641
217
7803
4518
8028
2498
7278
256
6918
2715
4277
5901
4582
9922
4468
8696
7418
6022
8459
6774
8257
2215
4776
3044
8236
1353
8790
1023
3246
5124
2611
4480
5827
747
8031
5490
4748
279
4976
8545
2200
7008
2018
3409
4782
8280
3308
984
9831
7347
7679
5673
2440
7494
6151
6574
1661
2731
7684
3809
7042
2798
3858
9815
3530
9640
2676
1898
1811
5797
2367
4897
6337
3380
1890
5662
2374
8874
1748
8131
2547
7859
2102
6546
1464
1111
9591
464
7927
8789
6646
2389
3527
7455
3826
2707
7860
8545
4862
3089
5252
5791
6368
8963
3173
4330
9528
807
8817
3822
4878
6542
8259
2939
6628
1668
7476
8334
7610
5439
3918
6412
1441
6816
6258
2778
7175
5465
7124
8684
7825
6284
3764
2456
983
6827
7384
7830
4824
4561
9956
7767
8511
8395
876
2446
4109
5237
5968
1231
9222
4989
3894
6915
2696
2566
2326
7733
2789
3228
414
8188
5058
5278
5910
358
6727
8205
1550
9789
1751
5407
2643
5640
9242
1120
7408
3505
9190
9159
7057
782
3837
464
563
3534
8911
587
2600
8291
4975
4624
2918
4902
1411
7084
6463
8315
4470
5885
3035
4786
6488
3127
6881
103
2373
5440
1349
1671
4146
5246
3147
2303
1315
4715
5674
2690
9754
1714
1099
8807
9915
8009
4448
3069
3595
4938
3554
3756
790
5456
6451
554
6751
970
6947
8598
450
6399
9101
8404
2198
2543
5617
470
8094
5186
61
1667
1342
2815
1556
8390
1883
8203
1121
886
9051
2892
4004
7581
3036
5256
7690
3432
4832
5759
7084
2794
4390
6482
478
7869
8228
110
5192
4006
4864
3545
8753
1827
1678
7304
406
5156
948
2458
8363
5460
6809
8405
3240
6770
9675
395
8261
9328
9136
6088
3472
3047
9685
2779
4267
8277
9810
3183
6739
2677
5870
2180
9178
2841
1855
1023
4134
3717
5033
8683
8019
8763
6712
6778
1379
1279
5753
4284
1878
2135
1314
3994
7125
3489
4242
8016
4087
545
4691
7493
455
7589
1516
9944
1597
9734
1875
9672
2232
2317
5344
9376
3949
9104
3452
8862
7673
440
2696
8703
9730
8464
826
5544
8588
3900
499
1971
2024
4452
7644
6020
9367
8395
2590
7335
1820
9072
352
1737
2751
7792
619
8639
1853
4534
746
4262
7469
1889
5117
5032
1518
7136
3469
5960
7100
1388
3626
2170
9969
226
5663
5794
5928
1916
6039
7543
9804
8906
1785
2004
7807
994
4751
3947
7591
1778
9365
7942
8355
8110
76
4956
6108
6874
8142
2587
3430
6021
4956
1448
2262
208
6994
2529
7629
2250
3180
2203
2290
1497
3811
5053
2749
167
6880
7480
8656
2503
6257
4897
2592
914
7929
9629
9857
1331
289
9704
2593
4507
1500
2897
2394
4305
6745
8022
4411
8666
1345
3015
2256
752
5808
5818
2573
9251
7681
3979
9802
3353
8466
6477
8600
2851
9287
9137
4418
5149
4522
353
1183
8769
3392
7098
6547
1882
5382
1860
7925
4976
666
5504
4187
9604
5719
1869
9170
489
6120
8150
1706
2381
6253
5707
6974
8995
1675
8651
449
9247
3918
8123
9172
7853
5658
3205
9300
7310
5711
1168
2464
9391
5243
3912
5336
3048
6201
2778
3121
1151
6167
7663
7429
2886
8309
3330
6503
7687
537
5823
9060
2410
2144
5961
9861
2273
8735
5848
7121
3841
6247
4798
6927
9517
7559
133
5497
3952
75
8503
1853
3479
3987
2984
141
953
5358
5540
2822
9764
9941
6641
9965
4948
7668
8576
9813
6034
8851
1414
1326
9384
7667
4609
1159
7005
4579
8361
6308
5345
2402
245
5867
4422
6847
9287
9480
8505
7485
4325
8016
5788
338
9813
1970
5953
9983
5524
6009
4741
3497
9203
8687
1414
9429
1198
1436
1682
2627
8250
7420
8174
4417
3995
3214
3872
2497
8591
2936
5594
7269
331
5560
964
3318
2320
1109
9780
4131
4233
1221
7852
9479
1971
7176
5680
9219
6713
6801
1010
3819
4731
2068
5548
3293
9371
9339
3625
1211
6933
8450
6321
9354
200
7155
7920
2467
788
8284
3569
3734
1010
4716
556
1455
1338
1933
9449
3633
4821
6314
7119
4110
8225
3170
6222
8345
7370
9637
8629
2898
8939
6635
9521
2992
3745
5844
4595
8526
8631
6442
2909
5020
9155
8482
1673
2246
7181
9074
1253
6273
6007
9852
2703
7361
6798
696
7144
2937
3420
2913
3288
3098
9190
7030
4847
9388
2761
3600
7171
4298
9820
9138
8667
4759
9778
6076
7527
927
1758
3499
1657
9673
8131
7115
7444
5608
7080
4044
5247
2961
3108
8370
6534
6870
9355
214
1726
4593
2501
9914
803
6557
2071
4874
6432
3805
6881
8750
9961
4320
6195
5356
4040
6508
6908
1130
3987
6295
7937
273
2070
8181
4039
9981
1955
5228
9149
8545
2082
9907
5608
5671
5526
7705
9500
7397
8063
7234
564
3387
4101
8283
623
9561
55
5583
4359
782
9984
2882
1967
43
6562
2986
5768
6149
6690
8510
5088
7337
9456
6199
5192
8027
9842
9027
4560
3671
3148
1032
3681
8536
3773
6869
8566
6806
4281
9812
824
4314
6159
8892
7173
4013
9894
4467
4108
2159
793
6769
2936
2788
6348
4655
7527
5161
4057
4511
1333
8628
7036
9861
6602
488
6679
1282
9580
5735
3427
2625
9538
3619
4788
2506
3495
1405
4807
8965
8103
6159
6298
9113
9834
7637
2680
4162
8489
3797
5904
5440
5409
6767
2546
4188
7203
6512
5461
6694
8710
9313
3911
9881
1002
4908
9730
128
6138
910
9671
4306
3133
1576
6763
1689
2824
9104
6954
3473
5972
2132
380
8267
2279
4062
3538
3905
4370
5427
9469
2516
6214
8838
3996
5873
980
5706
4303
9554
2672
116
4381
1200
4801
8478
9214
2870
2472
3496
3926
8002
8730
9050
6447
2308
1499
2244
2289
3081
2377
8982
8641
3233
6690
4731
4163
3772
9107
4576
7741
2115
591
6339
7306
5859
7320
5014
1160
2612
6652
5923
6863
7880
7695
8874
670
7071
9377
4341
4131
4023
2188
5980
3622
929
6701
500
1362
4750
1132
7987
5042
1721
8761
3263
4085
4605
661
2388
9069
8887
7418
4916
5385
8743
9000
9576
9596
7648
9182
6117
490
6943
113
1802
4480
7432
1803
4422
5837
9787
7299
7334
8224
3686
4612
6284
7471
5940
5037
1675
5553
6531
6405
8383
2473
9331
5001
169
2591
4330
4468
7000
3661
7173
1610
6084
8099
5321
4784
8867
999
2728
6939
6622
844
1535
5347
6366
9022
4587
8740
1472
6136
7755
3186
6360
7874
9921
8902
5329
1658
8275
2633
6098
3613
686
1387
4029
8082
7866
7889
1937
4132
744
3929
303
8523
4407
299
1657
1845
5830
3181
86
5797
3189
6755
2387
9864
276
8194
3539
897
7053
5232
9335
3024
2573
3369
4937
499
6749
5312
6738
9
4159
1872
1900
5423
3252
6366
5857
2473
890
478
450
4030
3635
7262
7092
2464
8560
754
6244
935
9772
4877
1803
6922
5718
6824
7069
3897
5079
2387
9324
7225
9089
3798
777
4989
5992
7426
3402
9213
7050
2696
391
5206
3433
3573
7695
4654
3290
826
5927
418
6678
9844
8530
6077
5134
6956
7965
4343
8315
9628
6977
3801
387
764
1707
5688
5944
345
9640
9622
5306
1074
7514
3808
765
142
3368
9508
3541
237
7905
1524
8317
7017
7632
2320
6136
6248
7452
1091
1295
3473
9751
3740
5640
6617
1510
2774
23
2265
1343
934
2639
5822
8494
4034
5905
7948
9219
5465
4901
4096
4821
6194
7303
3488
2826
7460
9944
3793
3278
9023
9525
7286
3296
6374
2997
3663
4973
7882
1275
7317
1396
8548
9227
496
2984
7086
8314
8388
9780
206
159
8070
8248
848
9765
1086
6562
2511
8658
9147
4152
9024
7522
9997
7522
5852
9228
2611
6901
6408
8358
4481
1113
8402
7461
6142
3819
4473
8972
4760
7471
2905
9253
8388
7710
3698
5630
3078
5229
6741
5771
8633
2574
3370
8714
8667
9375
2465
1619
5192
7905
6371
3005
5826
259
1188
1294
5274
8060
4663
8715
477
6920
7453
317
2478
7754
3388
2357
2044
8495
665
4294
7936
4131
802
7792
7733
637
4121
4557
1988
6453
7760
6324
4122
7526
5742
5771
7657
7167
8316
4650
2984
6147
271
9163
3143
1376
2674
3725
9108
7325
4415
5831
8211
5772
9321
5577
9470
4175
3305
8191
3880
3719
7956
2943
5311
5063
7093
9473
5790
4359
8764
3390
8044
1716
9234
2561
8101
1621
3688
7627
4210
5881
4508
4563
4711
5948
566
8090
201
2632
6885
9083
8715
2792
3041
3185
4932
5224
8157
3476
1246
7464
3771
603
6093
752
4347
7141
217
4941
3650
787
4090
8584
7875
6764
816
7384
3660
20
557
4638
2352
5639
9695
1647
9788
7680
5757
5023
2568
5126
1788
2599
8893
9269
6255
1513
2237
9498
2170
6379
7443
9528
5089
2943
1464
4169
3634
4419
1583
6062
4043
5204
3262
7287
3577
5997
1641
8926
7630
8334
1036
1981
4622
5096
4005
8592
8774
9892
2524
6389
986
9219
7249
4080
9882
3760
2880
2171
4064
6626
4322
2859
5208
3774
3811
317
7900
9433
908
6367
1083
266
8013
9612
550
3150
5897
7279
4167
822
2477
5193
6062
1050
8910
4333
921
7713
2814
808
5854
7000
1707
3534
713
2688
2612
1135
717
4389
7657
2889
3289
9288
4590
8631
8728
8718
379
4647
7268
6545
3539
3642
9769
6996
7119
772
5106
8484
7703
2467
8050
4666
3148
4604
800
8830
197
5216
2064
1333
9284
1166
8730
3402
7123
2883
6922
5595
6001
7036
6931
746
9795
1580
1536
7476
8408
6168
8681
2143
7822
2368
78
9324
7883
6281
4627
4747
8425
6181
5224
6094
560
3331
4788
8550
3969
6035
5054
7578
4573
8402
6151
9414
1008
1987
1815
4207
9182
4207
3490
7668
2776
3891
1303
3857
6714
8936
9637
3901
5380
1520
6090
5268
7875
1308
8522
1999
6059
9211
4264
2862
4932
5276
3380
3095
2190
4980
6817
6008
9795
9691
6162
2313
1607
9505
3904
8813
7902
7422
2090
8087
5002
2087
7850
8954
5839
9645
7424
4312
7478
4319
2909
2988
4586
2383
3198
1427
1394
9186
1251
5684
7323
8513
9467
5633
3010
1949
7646
5861
2667
1552
3399
8989
321
3646
6347
3460
7146
8073
1370
4551
5285
6660
8065
4503
4595
1551
3706
7980
3904
5282
65
3062
8844
1909
5795
6719
3802
3724
7029
3933
4021
1728
1262
1907
1418
1367
5362
7559
3846
8326
9484
5806
3932
2285
1272
6932
1395
464
8810
6568
5722
8662
4542
4515
7177
2235
9149
8089
9270
6832
5736
9064
6976
1682
8501
2670
7947
5320
3635
6007
2008
8918
5371
3027
2448
4638
6949
758
9966
9302
9812
1513
1574
3332
2815
6879
662
1270
9261
1954
3655
9071
5356
5035
1135
4476
3854
3200
9079
6324
6145
5799
7668
2429
1034
361
933
9596
5181
8066
5831
4388
6475
7493
7608
5056
264
5964
2694
987
9639
1389
8867
8684
453
3113
7496
1952
2367
7438
4355
5504
1729
2396
3454
625
3629
1604
9693
2489
2579
8603
7588
671
2931
2527
4147
8300
9740
8657
7183
4014
7728
112
2397
7452
6966
4486
3038
7587
8683
4972
6562
5966
4135
2201
1098
3012
6312
295
7694
6236
1165
7686
2599
6747
1184
8650
8555
1630
736
7712
7283
4803
1834
9982
6154
257
5204
9912
7636
1721
1559
8798
4568
4532
1174
547
3676
3371
287
1848
2828
7926
7084
7639
6998
7644
9446
2092
1797
3241
7560
7437
1943
1438
7339
7115
4637
6738
6163
7584
655
6661
5189
664
3594
7477
9075
5117
4680
7706
4342
8154
5962
45
999
5665
2499
3926
1722
3960
7812
4001
9975
7485
3023
6258
3318
3835
3899
7648
4198
3637
7156
3229
4331
8783
5563
918
7762
3804
8577
293
9361
7873
1404
148
4784
3368
1987
8556
4926
3009
4828
7931
2978
6708
9280
8068
6687
7474
3495
9664
8562
3561
9189
2579
7051
7717
416
5898
3094
9891
2797
8448
8565
6369
9254
1647
7068
4594
6507
9955
5496
8109
8546
4778
3501
533
3628
456
7578
4068
4757
2071
7515
3552
359
1356
587
9567
4796
1077
36
6263
6606
670
1653
6046
9710
1986
6846
4912
4669
6591
9883
1023
9961
3554
8011
2869
5511
754
2364
9844
3818
1065
6964
7375
8174
2124
1998
2994
6292
1883
3728
4107
602
116
213
7020
9253
8402
7003
4840
9822
4931
1707
5115
1414
56
5409
3543
1015
4165
4135
1256
9
4184
6962
8553
606
1590
9096
6112
4107
785
2301
7124
3907
9430
6217
2911
5969
2018
5783
4702
7745
8117
9276
2613
3756
8175
5154
959
7263
1366
17
3620
903
4938
7321
3491
4091
2351
3598
4526
4341
7802
1376
1045
1982
2791
3413
2379
5925
7511
54
4165
3180
9751
3411
8737
1616
5883
1763
419
3619
9385
9581
7482
3671
7682
2972
9105
4792
7020
1842
9713
8183
7546
2060
3251
4975
4861
8286
4836
5974
3123
987
3426
5810
1118
3746
7091
9781
5136
6296
1300
6230
8658
3615
6303
4717
3508
4672
3142
7659
334
5722
4171
932
8261
5094
7698
6554
5866
8502
6494
5735
6252
714
9064
3318
9054
751
1919
8751
4691
1381
7081
3021
661
4123
5511
3998
4629
521
6310
6983
6364
4953
706
9472
3872
386
5349
5171
9123
2563
8701
5997
7365
5049
4252
8494
6298
3645
4329
4803
359
8893
691
6621
901
2789
982
3965
6119
9050
7094
2863
3816
8739
1176
6928
8846
932
2753
8510
3884
9896
5797
3594
5155
8810
1745
1516
3319
1200
2677
4884
1824
6453
7177
440
1415
5265
1728
6719
9809
8664
4730
1064
4552
5820
7491
8472
6068
2943
2345
7662
9544
7433
3371
7301
841
7474
6892
886
3690
2092
4215
3190
3378
8464
3581
8099
511
6628
3769
375
1876
2294
7573
7831
1022
7688
309
7962
5764
8600
3729
4489
7068
4874
6977
5600
59
4004
8705
8590
5396
9078
9011
8926
7442
6916
6947
4242
1201
4417
6326
9177
7062
2873
1516
9854
1630
5723
1876
333
1092
5826
2094
465
6365
7375
7612
879
6733
1061
3650
4857
6524
832
7965
8576
9299
6594
8736
5049
5808
2028
7561
938
8602
2261
1906
2978
2190
8538
4547
210
999
3522
2196
1548
5340
8685
352
102
6164
5817
4934
3499
6181
6800
9321
5583
8393
1137
5463
9196
2097
2393
1575
7277
9108
46
6459
2279
4352
7960
4517
7103
7170
8412
1238
8044
448
6294
4338
3786
7523
963
1663
2248
4130
1465
9404
3727
9769
1603
3997
399
1929
7420
5893
3079
8
8631
1677
3713
3913
3465
5840
2488
8247
4388
25
1446
6075
8800
8628
4975
1918
6440
9857
9220
4856
7983
4552
612
2070
3053
6726
1221
4137
5961
1141
1451
2875
4421
2953
4307
8669
2289
3031
623
716
2781
432
2750
1907
814
9403
4759
1625
1132
2529
9778
7627
9478
8098
9443
9460
4722
6661
7652
2648
9301
1228
6958
2832
2587
5494
6755
736
2708
4222
8443
837
5131
2784
3960
7242
1844
9388
6856
4889
7042
8771
2232
2750
4162
8670
3488
8215
8199
6319
9406
1640
9763
4767
9890
332
4414
2566
7956
1253
2998
3721
6589
9588
4868
9677
7432
6932
2727
8617
6966
6481
2495
9210
3112
3830
3655
3409
7197
756
832
9111
9241
5822
7783
6992
3278
5825
8098
9965
1017
5778
732
2283
2235
3135
6202
4170
1234
4279
9673
2024
7540
7477
8758
6011
7512
808
5130
2637
7185
6366
4560
2625
1639
2350
4677
1173
4579
8341
7658
5120
3095
6649
5177
5162
3865
5481
1938
9019
1402
8245
6816
3771
854
1610
9341
7353
5482
6293
2878
3911
9853
6521
3628
2787
381
2444
8593
4976
2008
1420
6124
3346
8451
8750
1664
5033
7961
2055
8367
1221
2916
6819
830
1112
3153
3667
5414
2809
6195
2564
2071
7524
775
5962
6776
6126
4799
7356
4271
8215
6350
5784
9657
1448
5583
2375
9191
9052
4834
7243
6502
7467
275
1861
6889
4177
8728
6228
261
9550
9928
8328
2761
6918
4243
260
2776
7529
1953
2145
4100
956
5659
2895
8664
6582
4048
4758
4577
5383
3637
7579
267
9634
1389
1039
1156
9756
4256
4801
799
2285
6043
6148
6072
3139
5636
2779
6927
6085
5863
9344
402
3957
8146
7124
7003
1647
890
608
5139
9262
4776
3211
209
6462
8356
7604
964
60
9420
3183
1768
4841
1505
7757
632
7965
5598
8947
897
2777
6181
6781
8895
8517
1592
8811
9255
3239
8513
9545
8047
9477
9615
2445
5933
9042
9677
1850
8011
6548
9553
2625
1460
4535
6334
6375
2142
138
3510
8161
7044
9910
1215
4347
3374
8655
1904
1353
9615
6004
6761
9701
4555
8976
5805
9991
1347
6963
3005
6755
5470
378
1041
2987
5654
1962
1349
7989
8589
6621
3711
2184
8906
6035
4985
9520
8995
8249
8063
4705
7080
6023
5494
7416
3610
5763
1686
9084
9574
8260
7558
9779
2706
4385
9571
530
2147
3447
3804
7629
9544
2361
3597
8220
5239
722
7686
7230
8418
7654
7288
6439
4022
8726
8667
8501
6688
6162
6303
2977
4203
153
5197
8032
9434
4397
7480
1337
7134
801
5302
129
1109
2388
5541
7794
7521
1303
188
2138
1136
1642
1055
2047
1996
6773
670
1953
2961
8498
7675
5592
4918
6984
342
2284
8314
193
3142
6660
9485
4557
3958
486
7640
6176
5146
5709
3689
7591
989
9848
9439
4248
4041
5502
6479
9751
641
8880
2033
6181
1150
4247
8394
4594
4772
3421
3334
2275
273
2263
385
5583
8850
3167
2771
5043
8737
1041
1718
6662
3694
4987
2853
7510
8505
1767
467
5617
6218
8469
6068
5936
2365
7201
9116
4622
7757
3269
4866
3686
204
5095
5601
6394
5996
8306
8987
992
7309
2930
8474
7639
5875
121
6501
5351
7955
4975
8075
7590
8907
7286
7727
7191
7579
7611
5456
5101
1060
5032
515
8462
1387
8423
7567
850
6633
5089
8501
4123
6882
9221
3130
4526
5872
5172
8067
4063
6252
5032
5116
1035
8073
2901
2901
2959
3213
3256
5673
7462
9148
9052
5340
2559
8211
3483
8208
4621
1485
145
8772
5015
2613
8141
202
7280
8153
257
9507
8882
5048
1656
3322
2963
5480
8151
9257
6474
7222
92
4588
9835
5355
3699
6928
9517
8807
5944
7127
1068
156
6774
3116
266
7546
9998
2669
6465
7554
8339
1818
804
9498
5890
8840
8947
3164
6080
1473
2845
1563
5915
1116
3920
403
5122
5381
4012
4059
4288
7817
5333
2874
6468
5137
5703
2291
2044
9320
612
319
2112
2922
3961
3942
9051
2491
5231
5385
8211
3089
2125
1902
7978
7423
1946
6073
365
2606
9328
6548
3018
4650
6540
5467
7630
5287
4642
4886
8764
6639
6222
7540
570
5785
5125
7872
1989
3478
9194
7555
805
5995
5372
8422
7068
3398
7996
161
9335
4768
829
3269
3303
3294
1844
7635
233
3267
1935
7927
2497
6805
4242
9988
8182
1402
3772
6333
2598
2975
8792
2078
4442
3844
9439
5749
8245
1000
5787
7647
150
7693
3351
2067
9277
4744
3074
5397
377
7015
2114
1289
4207
4703
2709
885
9160
1201
626
8721
9986
2104
7390
2797
7942
3089
5819
1151
8041
1207
3643
4919
2380
8955
130
8193
9070
8189
3449
2247
8082
6601
751
7664
5403
4816
4922
1817
6083
8914
4875
8495
7835
2501
8640
7430
6557
6053
7138
2808
77
1656
5791
6557
4622
332
3762
5396
3377
5600
5134
9068
6744
4828
2490
1793
7496
9709
7558
118
7277
4433
9995
3051
1735
2219
3105
1307
8962
7172
4074
1877
9156
9727
43
8821
3616
5062
3163
6319
9575
2582
4036
3575
5950
9908
535
1567
6778
5690
2428
1406
9480
1730
6359
8153
4745
9614
6693
5329
411
4914
982
2746
4467
7119
853
4755
7685
4524
5522
134
678
819
32
2301
2185
3909
5514
3903
6966
6539
9937
4406
3865
2538
2449
4286
9638
3522
5425
893
5626
387
7225
7897
5852
4477
1454
8826
5251
7954
8585
4894
7137
426
8086
9266
4781
8803
1335
7764
5470
5235
9016
9986
2627
5724
5566
1342
2208
7770
121
5249
8675
8108
6409
280
6613
3036
2332
2112
9676
1597
1589
5354
4412
5792
4793
6250
7053
5587
7586
194
4536
103
3222
8006
4588
1612
5730
2396
3837
1979
6608
3842
2588
5215
4952
1915
7361
1601
6067
4439
9061
9935
4890
1870
6924
4025
3933
5417
6207
2759
6224
8686
1512
3546
6959
2854
4886
1998
6370
7580
7009
3992
2203
8612
8775
7442
3036
949
9237
6080
262
2485
8721
1774
2573
1119
596
8648
6631
5987
3141
9637
6691
4539
2224
4257
3398
4086
9094
1462
1728
819
2910
6710
4877
7739
7961
5288
4072
1434
1827
9884
5914
9292
7798
5821
5648
6945
9080
4146
4170
4332
4548
2800
3440
4574
9846
2016
9695
1289
3440
7080
1185
3012
922
2089
8827
6890
6326
7893
64
6831
2209
7707
4930
9873
9366
8288
2824
2214
205
2107
2588
2712
3968
5484
9179
4650
4973
5146
8495
4869
9192
2137
2058
7011
7480
5893
840
6375
450
7117
6567
3655
2339
2862
9315
2696
2918
9051
4570
7973
6357
7270
3566
3067
5260
8222
9577
595
1322
6789
5786
3756
1521
5660
5661
117
4252
429
9417
7093
3008
5669
7059
2375
5803
7196
9504
3605
5754
5362
3800
9135
374
712
886
1464
8558
9848
2876
3774
3456
7474
1523
1876
640
8533
2800
2013
7323
8166
6578
6983
9030
9087
9607
9394
5631
6311
6254
1164
8629
9530
6216
9242
9012
1045
344
4773
1464
6928
7193
1230
131
7592
1887
3295
1065
4488
1573
5504
7576
1443
5126
1683
3718
1777
2135
6412
8626
7364
3441
6192
1132
5093
92
9049
4753
9104
9687
7044
9903
8953
7445
8712
3319
8729
8081
5186
3152
2393
2850
7409
3975
6713
9417
8379
964
5950
2695
5210
4537
2182
6300
9079
7796
2377
6538
8769
8723
2542
392
7306
1511
326
5234
1919
4736
1257
1230
5009
9112
4236
1577
7669
1565
4876
4416
6708
4374
9210
2795
1695
7158
242
5043
5876
3806
7129
5556
2261
7469
2018
6622
3419
7859
9758
7558
6039
2515
9982
8409
3616
8599
1574
5888
6718
4253
8847
8254
18
7902
5049
1271
1856
271
3324
1211
282
3345
1241
4464
7578
2612
1890
7790
1803
40
1026
9411
7157
4435
5082
2071
819
6879
6041
1097
1203
2315
55
8488
6377
4545
95
5807
4144
8216
3671
1288
6302
8464
6557
1169
2291
1658
1551
8427
2414
9434
343
7791
9244
1429
178
9531
7694
3652
6443
6906
6886
1035
152
1858
1021
6531
752
279
6468
7651
9240
6573
7733
4110
761
8858
581
8981
3168
7066
7704
6429
4962
6204
9377
5755
281
3402
533
9740
4367
3142
7323
9474
22
5039
1122
1672
4705
8115
558
2198
691
8558
9953
8416
2706
7441
3218
4313
7223
6894
6829
8917
3909
6672
2183
7563
9572
5479
6124
5354
5561
6001
7846
5907
3060
5252
9292
9331
6277
2295
9189
8260
875
9745
4215
762
7115
2745
2145
6808
5401
9196
1265
2261
2678
9661
4274
2601
5415
3463
5718
1777
9837
8366
1660
1506
2918
5508
3998
2682
1376
3127
7930
1842
7013
7943
9643
7935
2375
3286
4291
7576
7770
2088
1767
7282
40
9753
4391
4663
6789
318
4233
7334
2144
7667
9488
9875
1058
7012
1422
4223
758
4679
1651
7490
9013
2502
3009
1717
6764
3979
6222
2364
5277
277
6053
656
5167
871
7049
2715
4371
2686
1655
7580
8516
7123
7559
4699
9706
3367
1518
9223
3691
619
2852
1882
4942
9554
2829
5374
7758
2014
6390
4472
6679
119
9581
7795
528
3722
8253
6520
1380
8430
7797
9913
8735
882
5748
8781
2738
9362
9988
4437
8308
8712
4608
9533
5477
3518
5698
5359
4367
4946
3614
529
4427
8403
1525
8270
2381
7400
6726
5058
7966
4032
6679
2271
1972
4180
1100
4845
8320
5080
9986
2863
1283
8496
9131
1392
3613
5999
6822
1787
676
4731
5754
4730
5806
6429
319
2647
8812
356
4249
6158
4467
2073
6833
35
2791
8460
7042
5840
8646
4590
7981
1879
6094
3032
6346
6246
3356
3641
3852
6008
642
4925
7567
9591
4916
7816
2512
1040
7248
2834
3401
4447
103
4108
8663
4185
4732
5168
6218
3481
5912
87
41
4850
1544
3701
7136
6211
9204
1358
3031
8712
3148
6396
384
6925
848
9848
8492
7677
7629
566
2650
8633
4063
6189
1245
7653
7768
1667
6185
5228
2683
6840
7930
8691
6981
1897
4849
7611
5433
9381
5948
672
5622
1740
3809
5327
9288
3010
7863
7060
3303
8035
2497
8049
8495
5329
9831
9418
4413
7721
5202
9629
8483
5476
5636
432
4137
5673
6882
4051
6176
3648
7648
3076
8852
2801
5591
8833
5021
1354
8053
2600
274
9359
5185
282
251
3196
8329
8430
5937
454
4410
9153
3492
3184
43
7035
2136
6794
871
6894
3533
6371
5349
5896
234
1359
4325
9383
2342
2003
809
5916
6882
7917
2894
8200
5350
8865
6006
7283
2759
8926
5636
8683
7649
5088
4995
1385
6295
30
9202
5920
3780
4675
4064
4095
4701
4810
6816
3158
2709
898
7337
373
76
7121
1261
3343
5029
5157
2004
8301
4003
8134
996
9615
6735
9943
6671
7070
6440
9227
8137
4813
8776
84
3637
7278
7727
9478
4619
8833
7599
2266
3080
6214
2931
1823
3138
9780
6268
8619
421
322
3945
7216
2719
562
8450
473
5061
2974
1857
4787
6064
3994
2766
7161
9032
9
3190
8103
9707
1596
7671
9744
5865
9125
8890
1803
7807
5146
3902
9448
9439
7060
7741
7905
6520
8247
4653
6395
9575
3020
5621
2396
2842
9226
8153
1110
8524
4500
6133
5777
6611
3675
3602
4871
4386
3908
8072
5769
3962
5797
1808
5055
3028
9704
8387
7181
6148
4066
8885
6417
3339
2893
9336
4920
5451
2162
1951
880
9607
9506
1200
8296
6519
1443
8516
2772
4757
1592
9342
269
23
2793
2021
7221
1161
5682
384
6648
3366
2599
1117
9406
8099
2981
6190
2973
264
1124
4849
411
4556
777
2459
7201
7724
9975
8560
491
9175
9893
1889
9115
3625
5643
98
8302
3426
4358
8279
6934
3442
4971
4955
9127
516
56
8188
9469
7972
8422
9334
5258
7486
283
8762
6158
2613
540
5083
9935
8060
6159
8790
4072
6692
6878
5835
1021
2211
4439
5436
7868
5389
513
9360
4367
9074
8698
8053
2846
6900
7899
2048
8306
1891
5245
8738
516
8310
132
9417
6180
6184
5561
63
518
7789
8854
1987
150
6464
5483
3219
2860
9466
4093
8371
8171
4129
7118
4236
1571
4507
6312
7908
3686
6013
2290
4149
904
1972
2997
8445
5791
1343
5289
7858
7210
7351
3400
7408
8590
2317
8404
1344
1771
254
4580
1558
3406
469
1657
6263
6368
797
3055
485
9659
593
6944
9929
8236
6211
6898
9132
500
661
2225
4642
72
1143
3431
1827
8041
7933
9271
8519
9742
8876
5321
718
5549
6658
6623
1289
5624
991
7366
6712
4292
9859
8121
3649
6293
6341
5968
7354
2790
8494
7573
4467
6436
6592
4839
9651
9610
4278
1031
8029
39
9033
6576
3790
5451
4059
4692
5462
9329
3620
3057
6913
7398
2183
3490
2609
6648
5057
3714
9466
4009
3853
3083
9945
6963
5462
8588
1746
7125
8346
538
8069
7340
2056
9149
6635
1213
6422
3467
5683
2670
593
2482
6580
676
5745
3487
3886
6695
3512
3548
8177
3570
4840
9749
537
8951
3998
2011
4357
2271
8671
4194
3379
3263
4957
917
2985
854
9957
841
2514
4387
2809
6159
644
5059
9397
3363
5642
4504
5248
4066
3731
3381
5297
5288
5605
7205
3995
9495
607
4188
7751
7268
811
8694
205
7131
620
4091
3038
5570
1609
7620
4912
9851
9493
8967
7591
7668
7883
7709
9229
8072
6819
1477
9422
6920
4195
3714
4866
6020
7365
7247
8647
3587
3361
1059
1195
6451
9111
1392
3811
8538
2763
9157
4651
139
4781
2003
2267
3572
1635
8284
2193
9187
5862
7367
3185
1977
8758
3936
6758
2791
2811
8829
6739
9717
6377
6636
7691
8050
7567
9303
3657
2757
8300
3754
8797
9089
6974
7675
9876
1224
2984
1351
9059
3142
7775
1038
9935
4638
1010
2725
2779
1123
8420
6089
5519
6940
7640
2275
7778
3498
2999
6711
6804
6886
1792
2518
8139
6595
941
4260
6056
1059
253
9060
6404
2886
8644
7327
3884
1565
7147
6979
1334
3964
1781
8264
5791
4893
8800
6750
5315
8785
5044
4658
4840
5602
7179
6239
8904
9109
8557
3874
6505
7323
2263
2966
2122
2150
9639
3949
8588
1768
726
7808
6746
2022
6402
3373
791
4892
7863
7872
259
4763
4954
3453
1977
5373
9858
2777
3512
7801
5011
9688
1868
8546
3384
6880
857
4586
2844
6781
9667
9843
4901
5902
1756
9286
2478
2221
3643
8429
3968
3820
7189
5962
5532
7931
7915
5195
2759
3046
5744
5013
2003
7578
5989
461
7909
120
8435
4070
6920
8674
7109
8980
2206
5475
5599
4095
9118
571
5454
6435
1455
8360
5758
548
9807
3520
7810
31
7232
6603
9827
7292
8288
9693
7352
2352
9331
9457
1967
1518
1727
1057
8165
9213
4756
6818
2072
2309
4822
380
2918
4531
3400
2967
9473
6749
3351
3297
4434
7455
6080
6636
9478
499
2655
5157
249
430
1765
1342
4462
6519
6437
6366
9833
7092
107
1070
6009
1565
361
20
2901
3505
2672
7564
8034
3255
7351
6786
7310
9565
5051
9965
7084
7724
6819
8101
1836
8173
6159
133
7830
7236
2957
5020
1923
5306
6599
4557
2457
2090
4380
38
3025
1441
7049
2509
9078
4216
1428
5030
3356
3773
7429
8466
9322
3869
9122
130
2565
5567
6885
361
1339
3370
9196
6879
1481
5494
5292
3570
2361
4960
1523
3318
5452
7
9977
3773
2528
7251
2866
2130
6126
1445
6131
9839
8323
6809
8014
6463
5208
7081
7707
6638
9264
3739
4933
892
621
4523
8687
4000
1904
8803
2209
5369
5851
8742
787
4096
4228
4428
5460
7513
6569
5399
6199
1689
6571
4965
5403
4753
1849
7726
6246
3144
9545
5981
5773
9223
1124
3260
9683
1549
2943
9352
1419
9827
7330
3635
5275
4378
6903
6008
3023
1968
6161
809
5751
4130
8167
2532
4511
2043
8523
2308
5113
8987
1627
5460
5928
515
4211
1406
3547
428
6156
4738
9125
5975
485
1810
1029
6575
9453
8218
9799
763
2362
1309
7190
5583
4890
8410
6508
5346
4179
5469
5191
6667
8009
8994
8266
2100
3548
5749
4845
4401
4346
2693
1490
1482
2072
2263
1350
3315
3449
3798
6351
524
2808
5671
1592
4389
2152
3611
9910
362
2822
5998
8294
1948
1335
509
3190
5935
4260
7188
6428
6320
3982
789
1015
8911
5199
8245
8512
650
3503
3744
2492
506
2767
3469
3233
9142
2454
604
2402
2053
9846
3563
6553
9538
7898
3384
1136
7128
1518
8481
3261
4588
7723
5879
7447
1226
6382
2993
4681
4008
4963
1949
9202
2071
387
5761
933
9319
6151
5600
8116
5946
744
1592
9301
6529
3157
9191
6606
6194
5264
5342
9378
7179
6118
8334
2232
8113
8584
9679
3924
6337
9818
4560
8532
6343
7096
1128
5081
5565
1360
203
7344
5995
352
8936
7628
6237
7197
4079
5810
2962
7085
6384
497
5280
5826
4670
891
597
3955
9427
4709
6745
4520
5069
3447
4543
3905
9558
9584
2970
356
6817
5353
3052
6226
6864
1028
6970
1253
6131
8689
5147
7816
59
6108
4623
531
8492
4487
8253
3361
8961
5264
388
6144
8585
6590
1891
9220
4255
3149
4020
9704
7879
5524
8146
1746
4708
2527
2268
3490
4839
9822
4930
135
4082
7353
7132
2030
4411
3598
922
216
7132
5769
6150
4934
2775
7919
8790
5379
6838
5494
2765
1343
2624
3220
945
8756
8136
8739
2295
8295
8848
5598
9258
8092
2811
6011
5915
486
2175
6661
8691
8394
3913
8004
5571
3294
7995
2331
7468
228
5056
6526
4075
109
385
5054
1020
5340
4320
5571
9407
9544
400
6757
40
5293
7912
2102
7744
3791
4589
9199
9898
1612
2732
3590
4976
6701
4089
1577
6715
2009
2001
458
3169
9639
6828
1590
9144
1373
2431
9795
3241
7386
3470
9766
768
5548
9822
847
5232
6222
6583
4578
99
4322
8105
1570
5327
8359
2726
7915
1124
6583
6893
9244
1170
928
9431
848
8424
5565
1034
1816
2551
1568
9531
8166
4789
9470
1552
8104
9325
663
1731
9295
1907
7584
2019
2700
8805
1183
53
4886
9517
674
1144
3658
9188
1037
485
8895
2769
7566
8917
4164
6574
3950
5132
41
8251
5175
8692
8823
428
5660
2613
5341
6589
1050
9135
7672
9463
5289
4890
4302
7738
2846
2213
9222
1930
4705
7579
2184
5318
4277
6595
4029
4083
137
2646
3570
5639
587
2700
1391
4561
4164
1327
2366
5606
6275
2753
4746
4375
234
7242
342
8734
3343
3689
1542
6327
9504
5131
6030
5020
5687
1130
5974
200
2181
2813
6134
9853
9726
397
1220
720
6144
343
2583
5922
8849
9469
2262
9690
6277
8696
4466
6334
9769
7752
1901
6865
9439
7995
3894
8582
2326
6204
3283
8082
5812
3987
4073
5008
5187
8635
2938
5166
7622
9712
5355
5940
7383
4599
5025
1637
4046
5848
7432
6174
687
3862
7792
1451
6673
9759
9284
3401
4023
7406
6792
5654
6045
6958
3294
9188
9200
7737
1941
6093
6970
9215
7215
753
5784
6418
4750
9850
4170
8446
234
3840
5191
1590
3713
9401
5227
6761
5627
5864
4734
5348
457
6390
4593
5521
6074
9918
7095
8365
778
9570
574
8759
4407
7196
6042
2803
736
4719
8012
6783
4045
3131
9316
2381
5014
3614
1168
9519
6065
9560
8799
465
5354
5032
2022
7088
3169
2290
9486
4569
5963
2338
1065
9932
5318
2553
5231
2222
1774
7862
9321
286
6372
1393
2201
6527
2945
5808
9108
2564
5799
876
6797
9307
1360
9230
4416
1888
358
3459
6855
962
8558
8703
4076
3234
977
8734
8444
6311
5689
5813
5092
6175
2436
7686
9915
4352
7352
3106
5324
9933
1540
7209
9310
2372
2670
3422
7473
3956
8414
4390
3671
4315
3414
2286
3933
3629
1660
908
4181
6674
4598
3182
5586
6614
3841
3567
7262
3556
2334
8760
7179
1772
7274
547
1092
8161
56
394
7024
7072
5741
4318
9507
9402
7719
7396
3280
18
8043
4330
2014
6914
3209
3495
4502
6056
6927
7504
9959
9950
5895
6806
934
9303
653
2973
6805
1349
8034
7784
6958
1672
5382
5984
4269
6433
4437
3491
3511
7492
9409
3849
9883
780
5655
6930
4532
1416
1121
4748
200
1523
4455
6384
5856
9954
3955
9307
5395
2710
9456
8747
8049
2929
4574
3711
2202
8149
7877
7393
7273
9992
5330
672
4736
1892
9843
1957
9553
5275
7099
5303
2726
5079
6755
2698
5901
1919
9294
2482
1444
3158
5142
2022
8781
8990
7848
6848
3646
6746
9561
5873
3639
4800
8180
4512
9969
4045
9521
4819
432
6499
9283
998
500
6078
4382
3992
1218
7828
6530
3478
5162
362
8233
1583
1652
387
7273
4038
9212
9635
7175
5990
3479
3666
5465
4880
3505
8637
85
8447
1813
8358
6507
6189
9128
1179
9115
702
9106
4180
7317
7514
9354
1494
5340
3097
5021
2309
2469
278
1722
6678
8274
8518
5741
5074
165
3170
9030
9014
1283
2751
885
4999
8791
6495
1829
5748
4064
8609
1154
964
7241
1155
2328
9229
8770
1607
4185
742
6944
2100
3259
2725
9902
51
6620
3010
1022
234
9746
61
9200
2566
8884
2715
4045
9537
4910
411
3376
4419
8885
9622
6002
5796
1416
5781
5553
9807
9774
6077
7853
8115
930
5285
5679
4563
5064
536
3526
3005
8811
4838
1230
6984
932
4037
9103
9926
1097
7172
4112
4281
1119
5792
2854
5586
3262
1248
4013
7524
2544
5979
1137
1463
4101
2906
9609
3641
342
6199
737
3759
7827
916
2483
7289
8619
2153
1649
851
648
6341
8322
4727
9717
1333
5607
9024
4845
6099
6072
730
194
3974
79
3029
2086
1383
3841
6168
8649
3492
9524
8563
9311
9181
5858
6140
7261
8155
937
8155
4800
1248
5532
9377
7163
9242
8553
9587
9387
6338
9943
1077
1416
6353
5596
6561
746
5281
4905
5750
5301
8561
7443
9181
9795
7859
847
2791
7789
367
9385
8179
774
1899
8256
3356
7939
9746
3825
8142
8394
8208
303
233
5607
192
892
3614
1173
4572
7559
5814
687
964
7746
8754
3507
6315
7086
1309
7791
1098
9461
6334
5324
5591
500
74
803
9281
9091
8982
2368
994
6147
4874
6162
9831
7843
5936
6459
8348
7102
1516
8971
3616
4212
9990
83
3944
3667
3890
824
7232
4963
5793
8103
939
3883
6416
8495
7819
5043
4942
3871
8540
8023
940
9437
7035
6804
5789
9744
4597
5650
3916
6907
1194
2222
7132
3927
8960
627
826
411
1075
3925
5151
1803
9802
2281
5827
6586
1909
1796
4251
1148
2386
5519
1251
6477
2447
8148
2758
3736
9754
7831
1770
4597
5029
3300
3273
9363
1333
6193
3801
4893
3161
2415
6077
1979
1671
7619
741
4232
9714
2507
7409
460
6456
3311
2515
2037
9784
9110
529
4471
4320
3138
3834
3517
6453
1305
6720
6490
7388
9729
8547
1681
7061
8070
9119
6493
5159
9707
8332
6894
8934
8604
9443
5313
5121
2059
5568
3802
7672
6831
6242
1008
9195
9461
7024
7430
3934
2226
5542
8370
441
7862
1644
2235
9931
8974
6792
3684
2750
8999
6538
4479
5909
3050
5845
8064
7410
5976
5950
5247
6117
9411
9932
2073
783
3414
1312
6116
4069
82
4814
3373
4847
7127
457
3744
9536
3355
6588
163
2656
4330
7877
1456
1252
2650
1996
2061
5407
7001
8657
3161
3186
4229
5748
1333
6816
6296
606
4556
6365
8190
1101
1696
8932
8837
732
707
6054
2736
6672
48
2176
8168
7311
3460
182
8255
5452
2507
4332
370
3229
699
3748
9562
8526
9751
945
2255
5774
1409
7418
9370
9638
3264
7546
4261
7466
8505
4964
6722
5272
2045
4515
6725
1422
4799
4928
1310
9832
6928
5053
2071
3830
7801
7486
8054
7676
1860
759
9519
9060
5656
6048
3274
2398
8975
2694
8252
3303
1589
5643
5013
3575
7039
8861
6757
5284
6102
3716
187
2517
5295
9909
6876
9793
792
4372
9020
1973
2880
5510
5453
9828
7940
2420
3601
1560
9698
2843
5053
3847
8123
7409
3756
5026
2586
2162
4524
6183
2988
4408
7322
6646
4347
1097
5557
2912
4747
5770
2481
3275
1519
4562
2107
2514
1961
2713
5140
1161
2253
1247
6220
7935
8304
1145
2652
7308
8850
7813
9551
5850
6517
7551
7086
575
6041
3309
5255
616
4230
5829
1209
1282
6325
7310
3711
1442
8684
1299
3398
8741
4900
8356
1533
9153
4664
5783
9224
4250
9691
1452
4193
480
9382
3134
1756
9878
190
693
4692
5070
3966
8376
4503
4527
6902
7471
7355
6904
1536
1303
5948
2335
4410
5951
2148
9746
5109
6735
4789
543
6009
6361
9894
3871
7395
6759
6327
5724
6764
3476
6066
2612
8823
583
8096
502
1254
6137
2101
6217
6313
5368
7178
8411
3589
2788
3909
231
3357
7286
1111
3552
6944
7873
9122
9146
367
6816
612
7832
1448
9855
7188
4671
211
246
376
4730
9065
8256
2913
6167
7356
3866
3940
4334
7544
3590
5733
5986
1284
5583
7938
6176
8052
1975
7769
8197
5710
9181
1943
956
8022
378
430
3476
6137
1594
8386
1807
979
3416
4081
9495
2205
609
3661
5292
9590
8747
1671
5913
3133
1887
6633
5860
2616
7249
4047
7955
7524
6688
7859
1356
8714
169
5445
5589
6842
9430
2851
9850
2999
868
6538
9933
6175
6946
7817
2104
7669
6405
5342
7118
8940
6008
7392
8303
9938
6673
1497
5194
6774
8719
3997
5997
9496
1887
571
4968
588
734
6623
6911
8651
2505
5473
7758
9878
4176
5294
4567
9575
4457
5472
3558
758
4880
8093
966
7828
8172
7673
5453
600
141
5609
9010
6868
1122
1670
879
3955
3783
8505
6337
6257
1963
1961
252
3014
3535
1918
956
8577
4795
4481
7878
798
7739
9426
1277
4659
9494
5877
1440
9885
5903
9690
768
7953
6036
3160
4528
513
9188
4150
6677
5870
9790
3014
7149
3941
9908
9886
1308
6087
8398
1011
8273
1432
2251
6132
5575
5620
2771
1744
8263
1497
4855
1686
6107
6549
6874
1207
3373
4029
1289
5034
5246
4838
8389
4700
3811
4564
402
7009
1450
5661
4583
6459
3834
4409
7318
6406
1688
2297
8950
1118
9078
3248
5707
8206
6102
7890
6888
5334
3084
24
9578
6392
9761
2205
7621
159
3860
889
3005
5852
5275
5815
9195
4494
9511
164
9647
1997
5205
6343
20
3604
4737
7
3023
2569
1701
3966
9473
6777
9071
120
9532
9461
929
1751
1938
7859
7778
903
9161
3635
9650
6057
1547
3631
6026
814
2410
2701
1954
5522
9217
100
3980
6994
9941
3641
6317
5787
5914
6213
6604
3665
9954
3748
4051
1976
5472
8397
6371
7987
1963
7433
2980
9847
8430
1042
6585
6890
7676
5321
5122
1261
97
2500
5739
5988
1891
2786
1218
6078
3799
6332
5910
6853
3248
9019
634
2020
2307
9776
3849
2608
9078
147
8292
7124
5094
4827
1239
5997
2680
1494
2233
350
759
5479
9282
3441
7836
4378
4471
7163
636
2036
5857
5499
4091
9883
5371
3711
7406
6639
362
9538
3182
6357
9847
9302
3305
1166
1688
4266
3650
7272
3117
5304
2344
5856
9173
5022
7109
8739
9857
2102
6253
8176
5328
6916
7382
9419
7722
3068
3670
1632
4969
6062
4424
3410
7104
6527
2729
4528
223
4197
8751
6162
5023
4414
104
4182
1720
7470
8368
1489
9459
9011
9581
1268
9657
7478
949
8909
5210
4289
1407
711
8185
7591
2967
5231
9508
1877
2090
4515
6274
6371
2353
7449
502
9654
2267
6458
9888
3365
9555
5321
6098
8758
577
6996
8271
8341
6588
3910
383
608
2173
4230
1200
6034
4639
5823
8503
4298
1906
5773
6148
8359
7486
4449
659
9538
7829
4577
9695
1320
6321
6287
7681
3139
3693
6148
1046
356
4096
9145
5838
6575
5027
98
193
3682
9364
2792
492
2947
1443
2769
2265
9270
1370
6157
7533
9976
1321
9600
5082
6378
1455
4407
3285
893
5669
6345
9522
1879
7284
9724
2091
5440
5271
6480
1919
1868
6219
1500
8792
1220
1858
5747
9237
5267
1015
3426
9141
890
8268
8201
8725
5840
7376
4196
7377
554
2172
5029
2359
8339
1100
9424
8921
2552
3835
83
9680
418
8695
3711
9230
1233
8147
5207
8492
7890
971
1236
4466
9069
322
5746
6037
701
2328
7755
4954
6668
6872
3662
9177
2939
8973
8012
3084
2923
6452
351
2567
6475
3756
3351
2978
9886
1738
4033
5154
3352
4777
902
2998
8677
9327
8750
1340
4406
5051
5888
1171
153
5707
6695
2284
6419
9369
82
5162
2909
1589
3016
6856
1401
1102
2965
9385
783
8250
6134
3595
3816
1270
2157
8805
5974
6471
450
9935
3566
1390
3670
5537
4595
73
1876
3268
7952
9063
2119
5348
5250
2756
8482
6903
3408
6354
3792
4151
5847
3320
9209
6059
6822
2836
445
9988
5475
7661
2928
2467
5049
9380
1218
1416
9519
1432
9930
53
6853
6424
8382
2976
9165
3219
1457
200
1924
9723
8282
335
1164
5224
8621
8070
1287
6633
3273
9942
4914
4934
4237
4234
7740
9921
9031
6571
9601
6714
4491
8947
9079
1426
4876
4978
36
5911
6362
6399
378
1438
4472
6470
4145
158
8920
8928
8943
8697
22
2256
6102
3958
3022
330
9850
8505
3947
1726
8141
6101
6957
7026
7369
3912
7685
8077
6026
6820
9392
9552
7077
2653
7278
6559
6809
8094
1054
6157
4113
4662
6088
9174
9058
1344
4358
4901
2663
1841
4127
5574
4599
2411
2530
9638
2400
7630
1276
7222
2530
9789
2711
5263
9098
3934
1631
15
4041
219
1825
7617
9873
6086
2498
3691
3116
8058
3225
8129
6184
3644
4794
1447
2739
1104
7536
6355
5823
1592
4694
8561
5330
2103
9891
4704
620
6644
2672
9705
8902
7898
1750
2416
2548
6076
6089
8868
3046
8854
5547
6256
3921
1551
158
4084
9316
9194
3338
8397
6202
5435
423
8784
620
662
6184
6247
6032
