3
7
7
8
9
9
9
9
15
17
18
18
19
20
20
20
22
22
23
23
24
25
28
29
30
31
32
33
35
36
36
38
38
38
39
40
40
40
41
41
43
43
43
45
46
47
48
51
53
53
53
54
54
55
55
56
56
56
58
59
59
60
61
61
61
61
63
64
65
65
66
70
72
72
73
74
75
76
76
76
77
78
79
81
82
82
82
83
83
84
85
85
85
86
87
88
88
89
92
92
95
97
98
98
99
100
102
103
103
103
103
104
107
107
108
109
110
112
113
116
116
117
118
118
118
119
119
120
120
121
121
125
125
128
129
130
130
131
132
133
133
134
135
135
137
138
139
140
141
141
142
145
145
145
147
148
148
150
150
151
152
153
153
154
156
156
156
157
158
158
159
159
160
161
163
164
165
167
169
169
169
172
175
178
178
178
182
182
187
187
188
190
192
193
193
193
194
194
197
197
200
200
200
200
201
202
202
203
204
204
205
205
206
208
209
210
210
211
211
213
214
216
217
217
217
218
219
223
224
226
228
231
233
233
234
234
234
234
235
237
242
244
245
246
249
251
252
253
254
254
256
257
257
259
259
259
260
261
262
264
264
265
266
266
266
267
267
269
271
271
271
272
273
273
274
275
276
277
278
279
279
280
281
282
282
283
284
285
286
287
287
289
289
289
293
295
297
299
299
303
303
309
313
314
315
315
317
317
318
319
319
321
321
322
322
322
326
327
330
330
330
331
331
332
332
333
333
334
335
335
338
342
342
342
343
343
344
345
350
350
351
352
352
352
353
354
354
356
356
356
358
358
359
359
360
361
361
361
362
362
362
362
365
367
367
370
371
372
373
374
375
376
377
378
378
378
378
379
379
380
380
381
383
383
384
384
384
385
385
386
387
387
387
387
388
389
391
392
392
392
394
395
397
397
397
398
399
399
400
402
402
403
406
411
411
411
411
413
413
414
415
416
416
418
418
419
421
422
423
425
426
428
428
428
429
430
430
431
432
432
432
434
435
439
440
440
440
441
445
447
448
449
450
450
450
450
450
452
453
454
455
456
457
457
457
458
460
461
461
464
464
464
465
465
467
467
468
469
470
473
473
473
477
477
478
478
479
480
481
485
485
485
486
486
488
488
489
489
490
491
492
495
496
497
499
499
499
500
500
500
500
501
502
502
502
506
509
511
513
513
513
515
515
516
516
518
520
521
522
524
528
529
529
530
531
533
533
534
535
536
537
537
538
540
541
542
543
545
547
547
548
548
550
550
551
552
554
554
554
556
557
558
558
559
560
562
563
564
566
566
567
568
568
569
570
571
571
574
575
575
577
577
578
581
583
583
584
586
587
587
587
588
591
591
593
593
595
596
596
597
600
602
603
604
606
606
607
608
608
609
612
612
612
613
616
619
619
620
620
620
620
621
623
623
624
625
626
626
627
628
632
634
634
636
637
637
640
641
642
644
648
649
650
653
655
655
656
659
661
661
661
662
662
662
663
664
665
666
670
670
670
670
671
672
672
674
676
676
677
678
678
679
680
683
686
686
686
687
687
691
691
693
694
696
696
699
700
701
701
702
704
704
706
707
707
711
711
712
713
714
716
717
718
718
720
721
722
722
724
726
727
730
731
732
732
732
733
734
736
736
736
737
737
737
741
742
744
744
746
746
746
747
748
750
751
751
752
752
752
753
754
754
756
757
758
758
758
759
759
759
761
762
763
764
765
768
768
772
774
775
775
776
777
777
778
779
780
780
782
782
783
783
784
785
785
787
787
788
789
790
791
792
793
796
797
798
799
800
801
801
802
803
803
804
804
805
807
808
808
809
809
811
814
814
816
818
818
819
819
819
822
824
824
824
826
826
826
828
829
830
830
830
832
832
832
837
840
841
841
844
847
847
847
848
848
848
850
851
853
854
854
857
857
861
862
866
868
868
871
871
875
876
876
879
879
879
880
882
882
883
883
885
885
886
886
886
887
889
889
890
890
890
891
892
892
893
893
897
897
898
901
902
903
903
904
906
908
908
910
911
914
916
917
918
921
922
922
927
928
929
929
929
930
932
932
932
933
933
933
933
933
934
934
935
937
938
938
939
939
939
940
940
940
941
941
945
945
948
949
949
953
956
956
956
956
959
961
962
963
964
964
964
964
964
966
970
971
971
971
977
977
978
979
980
982
982
982
982
983
983
984
985
986
987
987
987
989
991
992
994
994
996
997
998
999
999
999
1000
1002
1004
1005
1008
1008
1010
1010
1010
1011
1011
1014
1015
1015
1015
1017
1017
1018
1018
1020
1021
1021
1021
1022
1022
1023
1023
1023
1025
1026
1028
1029
1030
1031
1032
1032
1034
1034
1035
1035
1036
1037
1038
1039
1040
1041
1041
1042
1042
1045
1045
1046
1050
1050
1050
1054
1055
1057
1058
1059
1059
1060
1061
1062
1063
1064
1065
1065
1065
1068
1070
1071
1073
1074
1075
1077
1077
1077
1079
1082
1083
1086
1091
1092
1092
1093
1097
1097
1097
1097
1098
1098
1099
1099
1100
1100
1101
1102
1104
1104
1109
1109
1110
1111
1111
1112
1113
1116
1117
1117
1118
1118
1119
1119
1119
1120
1121
1121
1122
1122
1123
1123
1124
1124
1124
1128
1128
1130
1130
1130
1132
1132
1132
1135
1135
1136
1136
1136
1136
1136
1137
1137
1137
1139
1140
1140
1141
1143
1144
1145
1146
1147
1148
1150
1151
1151
1154
1155
1156
1159
1160
1161
1161
1161
1164
1164
1165
1166
1166
1168
1168
1169
1170
1171
1173
1173
1174
1176
1179
1183
1183
1184
1185
1186
1188
1188
1190
1193
1194
1194
1195
1197
1198
1200
1200
1200
1200
1201
1201
1203
1207
1207
1209
1209
1211
1211
1212
1213
1215
1216
1217
1218
1218
1218
1219
1220
1220
1220
1221
1221
1221
1222
1224
1225
1225
1226
1228
1230
1230
1230
1231
1232
1233
1234
1236
1236
1238
1239
1241
1243
1245
1246
1247
1248
1248
1251
1251
1251
1252
1253
1253
1253
1254
1255
1256
1257
1259
1261
1261
1261
1262
1262
1265
1267
1267
1268
1268
1269
1270
1270
1271
1271
1272
1275
1276
1277
1279
1279
1282
1282
1283
1283
1283
1284
1286
1287
1288
1289
1289
1289
1289
1289
1293
1294
1295
1299
1299
1300
1303
1303
1303
1305
1305
1307
1308
1308
1309
1309
1310
1312
1314
1315
1315
1319
1320
1321
1321
1322
1325
1326
1327
1327
1330
1331
1332
1333
1333
1333
1333
1333
1334
1335
1335
1335
1337
1338
1339
1340
1342
1342
1342
1343
1343
1343
1344
1344
1344
1345
1347
1349
1349
1349
1350
1351
1353
1353
1354
1354
1355
1356
1356
1358
1358
1359
1359
1360
1360
1361
1362
1366
1367
1368
1370
1370
1371
1373
1375
1376
1376
1376
1379
1379
1380
1380
1381
1382
1383
1385
1386
1387
1387
1388
1389
1389
1390
1391
1392
1392
1393
1394
1395
1396
1396
1401
1402
1402
1404
1405
1406
1406
1407
1409
1411
1412
1413
1414
1414
1414
1415
1416
1416
1416
1416
1417
1418
1419
1420
1422
1422
1422
1425
1426
1427
1427
1428
1429
1429
1432
1432
1433
1434
1436
1437
1438
1438
1440
1441
1441
1441
1442
1443
1443
1443
1444
1445
1446
1447
1448
1448
1448
1449
1450
1451
1451
1452
1454
1455
1455
1455
1455
1456
1456
1457
1457
1460
1460
1462
1463
1464
1464
1464
1464
1465
1472
1472
1473
1477
1479
1481
1482
1485
1489
1490
1491
1494
1494
1497
1497
1497
1497
1499
1500
1500
1500
1502
1503
1505
1506
1510
1511
1512
1513
1513
1516
1516
1516
1516
1518
1518
1518
1518
1519
1520
1521
1522
1522
1522
1523
1523
1523
1524
1525
1530
1533
1535
1536
1536
1540
1542
1542
1544
1544
1547
1548
1549
1549
1550
1550
1551
1551
1551
1552
1552
1555
1556
1557
1558
1559
1560
1563
1565
1565
1565
1566
1567
1568
1570
1571
1573
1574
1574
1575
1575
1576
1577
1577
1580
1583
1583
1583
1585
1586
1587
1589
1589
1589
1589
1590
1590
1590
1590
1592
1592
1592
1592
1592
1592
1594
1594
1596
1597
1597
1599
1601
1602
1603
1603
1604
1606
1607
1607
1609
1609
1610
1610
1612
1612
1614
1616
1616
1617
1619
1620
1621
1625
1627
1630
1630
1631
1632
1635
1637
1639
1640
1641
1642
1644
1647
1647
1647
1649
1649
1649
1651
1651
1652
1652
1652
1653
1654
1655
1656
1656
1656
1657
1657
1657
1658
1658
1660
1660
1661
1661
1663
1664
1664
1665
1666
1667
1667
1668
1670
1671
1671
1671
1672
1672
1673
1673
1675
1675
1677
1678
1680
1681
1682
1682
1682
1683
1684
1686
1686
1688
1688
1689
1689
1693
1695
1696
1697
1701
1706
1707
1707
1707
1709
1711
1712
1714
1715
1716
1717
1718
1720
1721
1721
1721
1722
1722
1725
1725
1726
1726
1727
1728
1728
1728
1729
1730
1731
1733
1735
1737
1737
1738
1740
1740
1744
1745
1746
1746
1748
1749
1750
1750
1750
1751
1751
1751
1753
1756
1756
1757
1758
1762
1763
1765
1767
1767
1768
1768
1768
1769
1770
1770
1771
1772
1774
1774
1775
1777
1777
1778
1778
1778
1779
1781
1785
1787
1787
1788
1792
1792
1793
1796
1797
1797
1802
1803
1803
1803
1803
1803
1807
1808
1810
1811
1813
1815
1816
1817
1818
1820
1820
1822
1822
1823
1824
1825
1825
1827
1827
1827
1827
1827
1829
1829
1834
1834
1836
1836
1841
1842
1842
1842
1843
1844
1844
1845
1848
1849
1850
1853
1853
1855
1856
1857
1858
1858
1858
1859
1860
1860
1861
1862
1865
1866
1868
1868
1868
1869
1869
1870
1870
1872
1873
1874
1874
1875
1876
1876
1876
1876
1877
1877
1878
1879
1879
1882
1882
1883
1883
1887
1887
1887
1888
1889
1889
1890
1890
1890
1891
1891
1891
1892
1892
1897
1898
1898
1899
1900
1901
1901
1902
1904
1904
1906
1906
1907
1907
1907
1909
1909
1910
1915
1916
1918
1918
1919
1919
1919
1919
1923
1924
1924
1929
1930
1930
1931
1932
1933
1935
1935
1937
1938
1938
1941
1941
1942
1943
1943
1943
1946
1948
1948
1948
1949
1949
1951
1952
1953
1953
1954
1954
1955
1957
1958
1959
1961
1961
1961
1962
1963
1963
1965
1967
1967
1968
1970
1971
1971
1972
1972
1973
1975
1976
1976
1977
1977
1979
1979
1981
1982
1982
1986
1987
1987
1987
1988
1989
1996
1996
1997
1997
1998
1998
1999
1999
1999
2000
2001
2001
2003
2003
2003
2004
2004
2008
2008
2009
2011
2012
2013
2014
2014
2014
2016
2016
2018
2018
2018
2019
2020
2020
2021
2022
2022
2022
2024
2024
2028
2030
2030
2033
2034
2034
2036
2037
2039
2040
2043
2044
2044
2045
2047
2048
2049
2053
2054
2055
2055
2056
2056
2056
2056
2058
2059
2060
2061
2061
2063
2064
2067
2068
2069
2070
2070
2070
2071
2071
2071
2071
2071
2071
2072
2072
2073
2073
2077
2078
2079
2082
2084
2084
2086
2087
2088
2089
2089
2090
2090
2090
2090
2090
2091
2092
2092
2092
2094
2097
2097
2097
2100
2100
2100
2101
2102
2102
2102
2102
2103
2104
2104
2107
2107
2108
2112
2112
2114
2114
2115
2119
2121
2122
2122
2124
2125
2128
2128
2130
2132
2132
2133
2135
2135
2136
2136
2136
2137
2138
2142
2142
2143
2144
2144
2144
2145
2145
2147
2147
2148
2150
2152
2153
2153
2154
2155
2157
2158
2159
2159
2162
2162
2162
2164
2170
2170
2171
2172
2173
2174
2175
2176
2180
2181
2182
2183
2183
2184
2184
2185
2188
2189
2190
2190
2191
2193
2196
2196
2198
2198
2200
2201
2201
2202
2203
2203
2204
2205
2205
2206
2207
2208
2208
2209
2209
2211
2213
2214
2215
2217
2217
2219
2221
2222
2222
2222
2222
2224
2225
2226
2232
2232
2232
2233
2235
2235
2235
2237
2237
2244
2246
2247
2248
2248
2250
2251
2252
2252
2253
2255
2256
2256
2259
2261
2261
2261
2262
2262
2263
2263
2263
2265
2265
2266
2266
2267
2267
2268
2270
2271
2271
2273
2273
2274
2275
2275
2277
2279
2279
2281
2281
2283
2284
2284
2285
2285
2286
2289
2289
2290
2290
2290
2291
2291
2291
2294
2295
2295
2297
2299
2300
2301
2301
2301
2303
2304
2306
2307
2308
2308
2309
2309
2311
2313
2315
2317
2317
2319
2320
2320
2324
2326
2326
2326
2328
2328
2328
2329
2331
2331
2332
2334
2335
2337
2338
2339
2342
2342
2344
2344
2344
2345
2346
2350
2351
2352
2352
2353
2357
2359
2361
2361
2362
2364
2364
2364
2365
2366
2367
2367
2368
2368
2369
2370
2371
2372
2373
2373
2374
2375
2375
2375
2376
2377
2377
2377
2379
2380
2381
2381
2381
2383
2386
2387
2387
2388
2388
2389
2393
2393
2394
2394
2396
2396
2396
2397
2398
2399
2399
2400
2402
2402
2402
2410
2410
2411
2414
2415
2416
2420
2421
2427
2428
2429
2429
2431
2436
2440
2441
2444
2444
2444
2445
2446
2447
2448
2449
2454
2455
2456
2457
2458
2459
2459
2459
2464
2464
2465
2467
2467
2467
2468
2469
2472
2473
2473
2476
2477
2478
2478
2479
2481
2481
2482
2482
2483
2484
2485
2488
2489
2490
2491
2492
2495
2497
2497
2497
2498
2498
2499
2500
2501
2501
2502
2503
2504
2505
2506
2507
2507
2509
2509
2511
2512
2514
2514
2515
2515
2516
2516
2517
2518
2520
2521
2522
2522
2524
2527
2527
2528
2529
2529
2530
2530
2532
2532
2534
2535
2538
2542
2543
2543
2543
2544
2546
2547
2548
2551
2552
2552
2553
2555
2559
2561
2563
2564
2564
2565
2566
2566
2566
2567
2568
2569
2570
2572
2573
2573
2573
2573
2574
2577
2579
2579
2581
2582
2583
2584
2585
2586
2587
2587
2588
2588
2589
2589
2590
2590
2591
2592
2593
2594
2595
2598
2599
2599
2599
2600
2600
2600
2601
2603
2606
2606
2608
2609
2611
2611
2611
2612
2612
2612
2612
2613
2613
2613
2613
2614
2616
2617
2623
2624
2625
2625
2625
2626
2627
2627
2629
2632
2633
2637
2638
2639
2642
2643
2644
2645
2646
2646
2647
2648
2650
2650
2652
2653
2655
2656
2659
2660
2661
2661
2661
2662
2663
2663
2667
2668
2669
2670
2670
2670
2671
2672
2672
2672
2674
2674
2676
2677
2677
2678
2680
2680
2680
2681
2682
2683
2686
2688
2690
2692
2692
2693
2693
2694
2694
2695
2696
2696
2696
2696
2696
2698
2698
2700
2700
2701
2703
2706
2706
2707
2708
2709
2709
2710
2711
2712
2712
2712
2713
2713
2714
2715
2715
2715
2715
2717
2719
2720
2722
2724
2725
2725
2726
2726
2726
2727
2728
2728
2729
2731
2732
2736
2738
2739
2739
2745
2746
2746
2747
2747
2749
2750
2750
2750
2751
2751
2753
2753
2755
2755
2756
2757
2757
2758
2759
2759
2759
2760
2761
2761
2763
2764
2765
2766
2767
2769
2769
2771
2771
2772
2774
2774
2775
2776
2776
2777
2777
2778
2778
2779
2779
2779
2781
2781
2784
2785
2786
2787
2788
2788
2789
2789
2790
2791
2791
2791
2791
2792
2792
2793
2794
2795
2797
2797
2797
2798
2799
2800
2800
2801
2802
2803
2808
2808
2809
2809
2809
2811
2811
2813
2814
2814
2815
2815
2822
2822
2823
2824
2824
2826
2826
2828
2828
2829
2829
2832
2834
2836
2838
2838
2839
2840
2841
2842
2843
2844
2845
2845
2845
2846
2846
2848
2850
2851
2851
2851
2851
2852
2853
2853
2854
2854
2857
2858
2858
2859
2860
2860
2862
2862
2863
2863
2865
2866
2869
2870
2873
2874
2874
2875
2876
2878
2880
2880
2882
2883
2883
2886
2886
2889
2889
2892
2892
2893
2894
2895
2895
2897
2898
2898
2900
2900
2901
2901
2901
2901
2905
2906
2909
2909
2909
2910
2911
2912
2913
2913
2916
2916
2917
2918
2918
2918
2918
2922
2923
2923
2924
2925
2925
2928
2928
2929
2930
2931
2931
2931
2931
2932
2934
2935
2936
2936
2937
2938
2939
2939
2942
2943
2943
2943
2943
2945
2946
2946
2947
2947
2950
2952
2953
2955
2957
2957
2959
2960
2960
2961
2961
2962
2963
2965
2966
2967
2967
2968
2969
2970
2970
2972
2973
2973
2974
2975
2975
2976
2977
2978
2978
2978
2978
2980
2981
2984
2984
2984
2984
2985
2986
2987
2987
2988
2988
2988
2989
2989
2989
2990
2992
2993
2994
2994
2997
2997
2998
2998
2999
2999
3005
3005
3005
3005
3008
3009
3009
3009
3010
3010
3010
3012
3012
3014
3014
3015
3016
3016
3018
3020
3021
3022
3023
3023
3023
3023
3024
3025
3027
3028
3029
3029
3031
3031
3032
3035
3036
3036
3036
3038
3038
3041
3044
3046
3046
3047
3048
3050
3051
3052
3052
3053
3055
3057
3060
3060
3060
3062
3067
3068
3069
3071
3074
3076
3078
3079
3080
3080
3081
3083
3083
3084
3084
3085
3089
3089
3089
3092
3094
3095
3095
3096
3097
3097
3098
3100
3100
3101
3102
3105
3105
3106
3106
3108
3112
3112
3112
3113
3113
3116
3116
3117
3119
3119
3119
3121
3123
3127
3127
3128
3130
3131
3133
3133
3134
3135
3138
3138
3139
3139
3141
3141
3142
3142
3142
3142
3143
3144
3146
3147
3148
3148
3148
3149
3150
3152
3153
3153
3153
3156
3157
3158
3158
3160
3161
3161
3163
3164
3164
3167
3168
3169
3169
3169
3170
3170
3173
3175
3180
3180
3180
3181
3181
3182
3182
3182
3183
3183
3184
3185
3185
3186
3186
3186
3189
3189
3190
3190
3190
3196
3196
3197
3198
3198
3200
3200
3201
3205
3208
3208
3209
3211
3211
3211
3213
3213
3214
3218
3219
3219
3220
3221
3222
3225
3226
3228
3229
3229
3233
3233
3234
3236
3239
3240
3241
3241
3241
3245
3246
3247
3248
3248
3249
3251
3252
3253
3255
3255
3256
3259
3260
3260
3261
3261
3262
3262
3263
3263
3263
3264
3267
3268
3269
3269
3273
3273
3273
3273
3274
3274
3275
3278
3278
3280
3281
3282
3283
3285
3286
3287
3288
3289
3290
3293
3293
3294
3294
3294
3295
3296
3296
3296
3297
3300
3303
3303
3303
3303
3305
3305
3306
3308
3309
3311
3312
3314
3314
3315
3318
3318
3318
3318
3318
3319
3319
3319
3320
3322
3324
3330
3331
3332
3333
3334
3338
3339
3340
3342
3343
3343
3345
3345
3346
3351
3351
3351
3352
3353
3355
3356
3356
3356
3357
3361
3361
3363
3365
3366
3367
3367
3368
3368
3368
3369
3370
3370
3371
3371
3371
3373
3373
3373
3373
3373
3373
3374
3376
3377
3378
3378
3379
3380
3380
3381
3381
3381
3383
3384
3384
3387
3388
3390
3392
3392
3393
3394
3398
3398
3398
3399
3400
3400
3401
3401
3402
3402
3402
3406
3408
3409
3409
3410
3411
3412
3413
3414
3414
3416
3416
3416
3417
3418
3419
3420
3421
3422
3426
3426
3426
3427
3428
3430
3431
3431
3432
3432
3433
3437
3440
3440
3441
3441
3441
3441
3442
3443
3447
3447
3449
3449
3451
3452
3453
3454
3456
3457
3459
3460
3460
3463
3463
3465
3465
3467
3468
3469
3469
3469
3470
3471
3472
3472
3473
3473
3474
3476
3476
3476
3478
3478
3479
3479
3479
3481
3481
3483
3487
3488
3488
3489
3489
3490
3490
3490
3491
3491
3492
3492
3492
3494
3495
3495
3495
3496
3497
3497
3498
3499
3499
3501
3501
3503
3503
3505
3505
3505
3507
3508
3510
3511
3512
3512
3512
3517
3518
3520
3521
3522
3522
3524
3525
3526
3527
3529
3529
3530
3531
3533
3534
3534
3535
3537
3538
3539
3539
3541
3543
3545
3545
3545
3546
3547
3548
3548
3551
3551
3552
3552
3553
3554
3554
3554
3554
3556
3558
3558
3560
3561
3561
3563
3563
3564
3565
3566
3566
3567
3567
3567
3569
3569
3570
3570
3570
3572
3573
3574
3575
3575
3577
3578
3579
3581
3587
3588
3589
3590
3590
3591
3593
3594
3594
3595
3595
3597
3597
3598
3598
3600
3601
3602
3604
3604
3605
3610
3610
3611
3612
3613
3613
3613
3614
3614
3614
3615
3615
3616
3616
3616
3619
3619
3620
3620
3622
3625
3625
3626
3627
3628
3628
3629
3629
3630
3631
3631
3632
3633
3634
3634
3635
3635
3635
3635
3637
3637
3637
3639
3639
3641
3641
3641
3642
3643
3643
3643
3644
3645
3646
3646
3648
3649
3650
3650
3650
3652
3652
3652
3655
3655
3655
3657
3657
3658
3659
3660
3661
3661
3662
3663
3663
3665
3666
3667
3667
3670
3670
3671
3671
3671
3671
3672
3675
3675
3676
3676
3676
3679
3681
3681
3682
3684
3685
3686
3686
3686
3688
3689
3689
3690
3691
3691
3693
3693
3694
3694
3696
3698
3699
3699
3701
3706
3706
3708
3709
3709
3711
3711
3711
3711
3711
3712
3712
3713
3713
3714
3714
3716
3717
3717
3718
3718
3719
3721
3722
3722
3724
3725
3727
3728
3729
3731
3734
3734
3736
3739
3740
3744
3744
3745
3746
3748
3748
3750
3754
3754
3756
3756
3756
3756
3756
3757
3758
3759
3760
3762
3764
3766
3767
3768
3769
3771
3771
3772
3772
3773
3773
3773
3774
3774
3778
3780
3782
3782
3783
3783
3786
3790
3791
3792
3793
3795
3796
3796
3797
3798
3798
3799
3800
3801
3801
3802
3802
3804
3804
3805
3806
3806
3808
3809
3809
3810
3811
3811
3811
3811
3816
3816
3818
3819
3819
3819
3820
3822
3825
3826
3827
3830
3830
3833
3834
3834
3835
3835
3837
3837
3837
3837
3840
3841
3841
3841
3842
3843
3843
3844
3846
3846
3847
3848
3849
3849
3851
3852
3853
3854
3857
3858
3860
3862
3862
3865
3865
3866
3867
3867
3867
3869
3870
3871
3871
3871
3871
3872
3872
3874
3874
3877
3877
3879
3880
3883
3883
3884
3884
3886
3890
3891
3894
3894
3897
3899
3900
3901
3902
3903
3904
3904
3904
3905
3905
3907
3908
3909
3909
3909
3910
3910
3911
3911
3912
3912
3913
3913
3916
3918
3918
3920
3921
3924
3925
3926
3926
3927
3929
3932
3933
3933
3933
3934
3934
3936
3937
3940
3941
3942
3944
3944
3945
3945
3947
3947
3949
3949
3950
3952
3954
3955
3955
3955
3956
3956
3957
3958
3958
3959
3960
3960
3961
3962
3964
3965
3966
3966
3968
3968
3969
3969
3973
3974
3975
3976
3976
3979
3979
3980
3982
3982
3984
3985
3987
3987
3987
3992
3992
3994
3994
3995
3995
3995
3996
3997
3997
3998
3998
3998
3998
4000
4001
4003
4003
4004
4004
4005
4006
4008
4009
4012
4013
4013
4014
4020
4021
4022
4023
4023
4023
4025
4027
4028
4029
4029
4029
4030
4030
4031
4032
4033
4034
4034
4036
4037
4038
4039
4039
4040
4040
4041
4041
4043
4044
4045
4045
4045
4046
4047
4048
4050
4051
4051
4053
4056
4057
4057
4059
4059
4060
4062
4063
4063
4064
4064
4064
4064
4066
4066
4068
4068
4068
4068
4069
4069
4070
4072
4072
4072
4073
4074
4075
4075
4076
4079
4080
4081
4081
4082
4082
4083
4084
4085
4085
4086
4087
4089
4090
4090
4091
4091
4091
4093
4095
4095
4096
4096
4096
4096
4096
4100
4101
4101
4103
4104
4107
4107
4108
4108
4109
4110
4110
4112
4113
4115
4121
4122
4123
4123
4125
4127
4129
4130
4130
4131
4131
4131
4132
4134
4135
4135
4135
4137
4137
4140
4141
4144
4145
4145
4146
4146
4147
4149
4150
4151
4151
4152
4159
4160
4160
4162
4162
4162
4163
4163
4164
4164
4165
4165
4167
4168
4168
4169
4170
4170
4170
4171
4175
4176
4177
4179
4180
4180
4181
4182
4184
4185
4185
4186
4187
4188
4188
4188
4193
4194
4195
4196
4197
4198
4199
4199
4201
4203
4207
4207
4207
4210
4211
4212
4212
4215
4215
4216
4216
4221
4222
4222
4223
4224
4226
4228
4229
4229
4230
4230
4232
4233
4233
4234
4235
4235
4235
4236
4236
4237
4239
4240
4242
4242
4242
4242
4243
4245
4246
4247
4248
4249
4249
4250
4251
4252
4252
4253
4255
4256
4257
4260
4260
4261
4262
4262
4264
4266
4267
4269
4269
4271
4274
4275
4277
4277
4278
4279
4281
4281
4282
4283
4284
4286
4288
4288
4289
4291
4292
4294
4296
4297
4298
4298
4300
4302
4303
4304
4305
4306
4307
4310
4312
4313
4314
4315
4318
4318
4318
4319
4320
4320
4320
4321
4322
4322
4323
4324
4325
4325
4326
4329
4330
4330
4330
4330
4331
4332
4332
4333
4334
4338
4339
4341
4341
4342
4343
4346
4347
4347
4347
4352
4352
4355
4357
4357
4358
4358
4359
4359
4364
4367
4367
4367
4369
4369
4369
4370
4371
4371
4371
4372
4372
4374
4375
4378
4378
4380
4380
4381
4382
4384
4385
4385
4386
4387
4388
4388
4389
4389
4389
4390
4390
4391
4394
4395
4397
4401
4406
4406
4407
4407
4407
4407
4408
4409
4409
4409
4410
4410
4411
4411
4411
4412
4412
4413
4413
4414
4414
4415
4415
4416
4416
4416
4417
4417
4418
4419
4419
4421
4422
4422
4424
4427
4428
4432
4433
4433
4434
4435
4437
4437
4439
4439
4442
4446
4447
4448
4449
4452
4455
4456
4456
4457
4462
4462
4464
4466
4466
4467
4467
4467
4467
4467
4467
4468
4468
4470
4471
4471
4472
4472
4473
4476
4477
4477
4479
4480
4480
4480
4480
4481
4481
4486
4487
4488
4489
4491
4493
4494
4496
4500
4501
4502
4503
4503
4504
4504
4507
4507
4508
4509
4511
4511
4511
4512
4515
4515
4515
4515
4516
4517
4518
4518
4520
4520
4522
4523
4524
4524
4524
4526
4526
4526
4527
4528
4528
4529
4531
4532
4532
4534
4535
4535
4535
4536
4536
4537
4539
4539
4542
4543
4545
4545
4547
4548
4548
4548
4551
4551
4552
4552
4553
4554
4555
4556
4556
4557
4557
4557
4557
4560
4560
4560
4561
4561
4562
4563
4563
4564
4567
4568
4569
4570
4570
4572
4573
4574
4574
4575
4576
4577
4577
4578
4579
4579
4580
4581
4582
4582
4583
4584
4584
4586
4586
4587
4588
4588
4588
4588
4589
4590
4590
4590
4590
4590
4593
4593
4594
4594
4594
4594
4595
4595
4595
4597
4597
4598
4599
4599
4604
4605
4607
4608
4609
4611
4612
4613
4618
4619
4621
4622
4622
4622
4623
4624
4627
4629
4632
4636
4637
4638
4638
4638
4639
4639
4639
4642
4642
4643
4647
4647
4648
4650
4650
4650
4650
4651
4653
4654
4654
4654
4655
4655
4656
4658
4659
4662
4663
4663
4663
4664
4664
4666
4667
4669
4670
4671
4672
4672
4674
4675
4676
4677
4679
4680
4681
4686
4686
4688
4689
4691
4691
4691
4692
4692
4694
4695
4696
4699
4700
4701
4701
4702
4703
4704
4705
4705
4705
4707
4707
4708
4708
4709
4711
4714
4715
4716
4717
4719
4722
4725
4727
4727
4730
4730
4730
4730
4731
4731
4731
4731
4732
4734
4735
4736
4736
4737
4738
4741
4744
4744
4744
4745
4746
4746
4747
4747
4748
4748
4750
4750
4751
4753
4753
4753
4755
4756
4757
4757
4758
4759
4759
4760
4761
4762
4763
4763
4767
4768
4772
4773
4775
4776
4776
4776
4777
4778
4778
4779
4781
4781
4782
4784
4784
4786
4786
4787
4787
4788
4788
4789
4789
4790
4792
4793
4794
4795
4796
4798
4798
4799
4799
4800
4800
4801
4801
4803
4803
4804
4807
4807
4810
4810
4813
4814
4816
4819
4821
4821
4822
4822
4824
4827
4828
4828
4829
4830
4832
4834
4835
4836
4838
4838
4838
4839
4839
4840
4840
4840
4841
4844
4845
4845
4845
4847
4847
4849
4849
4850
4850
4853
4855
4856
4857
4861
4862
4864
4865
4866
4866
4868
4868
4868
4869
4871
4873
4874
4874
4874
4875
4876
4876
4877
4877
4878
4878
4879
4880
4880
4880
4884
4885
4885
4886
4886
4886
4886
4889
4890
4890
4890
4891
4892
4893
4893
4894
4897
4897
4900
4901
4901
4901
4902
4902
4905
4906
4907
4908
4910
4911
4912
4912
4914
4914
4916
4916
4918
4919
4920
4921
4922
4922
4925
4926
4928
4930
4930
4931
4931
4932
4932
4932
4933
4934
4934
4934
4937
4937
4938
4938
4938
4938
4938
4941
4942
4942
4944
4946
4948
4948
4950
4950
4952
4952
4953
4954
4954
4954
4955
4955
4956
4956
4957
4957
4960
4962
4962
4963
4963
4964
4965
4968
4969
4970
4971
4972
4973
4973
4974
4975
4975
4975
4975
4976
4976
4976
4976
4977
4978
4980
4980
4984
4985
4985
4987
4987
4987
4989
4989
4991
4995
4996
4999
5001
5002
5004
5008
5008
5009
5011
5013
5013
5014
5014
5014
5015
5019
5019
5020
5020
5020
5021
5021
5021
5022
5023
5023
5025
5025
5026
5027
5029
5029
5029
5030
5031
5032
5032
5032
5032
5033
5033
5034
5035
5037
5039
5042
5042
5043
5043
5043
5044
5045
5048
5049
5049
5049
5049
5049
5051
5051
5053
5053
5053
5054
5054
5055
5056
5056
5056
5057
5058
5058
5059
5061
5062
5063
5064
5068
5069
5070
5072
5073
5074
5074
5079
5079
5080
5081
5081
5082
5082
5083
5084
5088
5088
5089
5089
5092
5093
5093
5094
5094
5095
5095
5096
5098
5100
5100
5101
5102
5103
5104
5104
5105
5106
5109
5113
5115
5115
5116
5117
5117
5118
5120
5121
5122
5122
5124
5125
5125
5125
5126
5126
5127
5130
5130
5131
5131
5131
5132
5133
5133
5134
5134
5136
5137
5138
5139
5140
5141
5142
5144
5146
5146
5146
5147
5149
5151
5154
5154
5155
5156
5156
5157
5157
5159
5161
5162
5162
5162
5166
5167
5168
5169
5170
5170
5171
5172
5174
5174
5175
5177
5177
5179
5181
5185
5186
5186
5187
5188
5189
5190
5191
5191
5192
5192
5192
5192
5193
5193
5194
5195
5195
5197
5199
5200
5202
5204
5204
5205
5205
5206
5207
5208
5208
5210
5210
5211
5215
5215
5216
5216
5217
5219
5224
5224
5224
5224
5227
5228
5228
5229
5231
5231
5231
5231
5232
5232
5234
5235
5236
5236
5237
5239
5241
5243
5245
5246
5246
5247
5247
5248
5249
5250
5251
5252
5252
5255
5256
5258
5260
5260
5263
5264
5264
5264
5265
5267
5268
5271
5272
5274
5275
5275
5275
5276
5277
5277
5278
5280
5281
5282
5284
5285
5285
5286
5287
5287
5288
5288
5289
5289
5291
5291
5292
5292
5293
5293
5294
5295
5296
5297
5301
5302
5303
5304
5305
5306
5306
5311
5312
5312
5313
5313
5313
5315
5315
5316
5316
5317
5318
5318
5320
5321
5321
5321
5321
5322
5323
5324
5324
5327
5327
5328
5328
5329
5329
5329
5330
5330
5333
5334
5336
5337
5338
5340
5340
5340
5340
5341
5342
5342
5343
5344
5345
5346
5347
5348
5348
5348
5349
5349
5349
5350
5351
5351
5352
5353
5354
5354
5354
5355
5355
5356
5356
5358
5358
5359
5362
5362
5362
5368
5369
5371
5371
5372
5373
5373
5374
5376
5379
5380
5381
5382
5382
5382
5383
5385
5385
5385
5389
5392
5392
5395
5396
5396
5397
5399
5401
5403
5403
5407
5407
5409
5409
5410
5414
5414
5415
5416
5417
5418
5423
5425
5426
5427
5429
5430
5431
5432
5433
5435
5436
5438
5439
5439
5440
5440
5440
5440
5441
5441
5445
5445
5446
5448
5449
5451
5451
5452
5452
5453
5453
5454
5454
5456
5456
5460
5460
5460
5461
5462
5462
5463
5465
5465
5465
5465
5467
5469
5470
5470
5472
5472
5472
5473
5474
5475
5475
5476
5477
5479
5479
5479
5480
5481
5482
5483
5484
5490
5493
5494
5494
5494
5494
5494
5496
5496
5496
5497
5498
5499
5502
5502
5504
5504
5504
5508
5510
5511
5511
5513
5514
5519
5519
5520
5521
5522
5522
5522
5524
5524
5526
5526
5527
5529
5532
5532
5532
5536
5536
5537
5538
5540
5541
5542
5544
5546
5547
5548
5548
5548
5549
5550
5553
5553
5553
5556
5557
5557
5560
5561
5561
5561
5562
5562
5563
5565
5565
5566
5567
5568
5569
5570
5571
5571
5572
5574
5575
5575
5577
5583
5583
5583
5583
5583
5583
5586
5586
5587
5589
5591
5591
5592
5594
5595
5596
5598
5598
5599
5600
5600
5600
5601
5602
5602
5604
5605
5605
5606
5606
5607
5607
5608
5608
5608
5609
5612
5614
5615
5616
5617
5617
5620
5621
5622
5623
5623
5624
5625
5626
5627
5629
5630
5631
5633
5633
5635
5636
5636
5636
5636
5637
5638
5639
5639
5640
5640
5642
5643
5643
5643
5645
5647
5648
5650
5650
5650
5654
5654
5655
5656
5658
5659
5660
5660
5661
5661
5662
5662
5663
5665
5665
5667
5669
5669
5669
5671
5671
5673
5673
5673
5673
5674
5679
5680
5682
5682
5683
5683
5684
5685
5687
5687
5687
5688
5689
5690
5692
5693
5698
5701
5702
5703
5704
5705
5705
5706
5706
5707
5707
5707
5709
5709
5710
5710
5711
5714
5715
5717
5718
5718
5719
5719
5722
5722
5723
5723
5724
5724
5727
5729
5730
5733
5735
5735
5736
5737
5739
5740
5741
5741
5742
5744
5745
5746
5746
5747
5747
5748
5748
5748
5749
5749
5750
5750
5751
5753
5754
5754
5755
5757
5758
5759
5759
5759
5760
5761
5763
5764
5767
5768
5769
5769
5769
5770
5771
5771
5772
5773
5773
5774
5777
5778
5781
5781
5783
5783
5783
5784
5784
5784
5785
5786
5787
5787
5788
5789
5790
5791
5791
5791
5791
5791
5792
5792
5792
5793
5793
5794
5795
5796
5797
5797
5797
5797
5797
5799
5799
5802
5803
5803
5805
5806
5806
5807
5808
5808
5808
5809
5810
5810
5812
5813
5813
5814
5815
5816
5817
5818
5819
5820
5820
5821
5822
5822
5822
5823
5823
5823
5825
5826
5826
5826
5827
5827
5827
5829
5830
5831
5831
5835
5837
5837
5838
5838
5838
5839
5840
5840
5840
5840
5844
5845
5847
5847
5848
5848
5849
5850
5851
5852
5852
5852
5853
5854
5856
5856
5856
5857
5857
5858
5859
5859
5860
5861
5862
5863
5864
5865
5865
5866
5867
5868
5869
5870
5870
5871
5872
5872
5873
5873
5875
5876
5876
5877
5878
5879
5881
5882
5883
5883
5885
5888
5888
5888
5890
5891
5893
5893
5895
5896
5897
5897
5898
5901
5901
5901
5902
5903
5904
5905
5907
5909
5910
5910
5911
5912
5913
5914
5914
5915
5915
5916
5916
5917
5920
5922
5923
5925
5927
5927
5928
5928
5928
5932
5933
5935
5936
5936
5937
5940
5940
5944
5944
5944
5946
5948
5948
5948
5949
5950
5950
5950
5951
5953
5953
5956
5960
5960
5961
5961
5962
5962
5962
5963
5964
5966
5968
5968
5969
5972
5972
5974
5974
5974
5974
5975
5976
5977
5977
5979
5980
5981
5983
5984
5984
5986
5986
5987
5988
5989
5989
5990
5992
5993
5995
5995
5996
5997
5997
5997
5997
5997
5998
5999
6000
6001
6001
6002
6004
6006
6007
6007
6007
6008
6008
6008
6008
6009
6009
6009
6011
6011
6013
6013
6019
6020
6020
6021
6022
6022
6023
6026
6026
6027
6030
6030
6031
6032
6034
6034
6035
6035
6036
6037
6039
6039
6041
6041
6042
6043
6045
6045
6046
6047
6048
6052
6052
6053
6053
6054
6056
6056
6057
6059
6059
6062
6062
6062
6063
6064
6065
6066
6067
6068
6068
6072
6072
6073
6074
6075
6076
6076
6077
6077
6077
6078
6078
6080
6080
6080
6081
6081
6083
6084
6084
6085
6086
6086
6087
6088
6088
6089
6089
6090
6093
6093
6093
6094
6094
6095
6098
6098
6099
6099
6101
6102
6102
6102
6102
6107
6108
6108
6112
6112
6115
6116
6117
6117
6117
6118
6119
6120
6122
6124
6124
6126
6126
6127
6127
6128
6131
6131
6132
6133
6133
6134
6134
6136
6136
6137
6137
6138
6140
6140
6140
6142
6142
6144
6144
6144
6145
6147
6147
6148
6148
6148
6148
6148
6149
6149
6150
6151
6151
6151
6151
6154
6156
6156
6157
6157
6158
6158
6158
6159
6159
6159
6159
6159
6159
6160
6161
6162
6162
6162
6162
6162
6162
6163
6163
6164
6167
6167
6168
6168
6168
6168
6168
6168
6169
6174
6175
6175
6176
6176
6176
6179
6180
6180
6181
6181
6181
6181
6183
6184
6184
6184
6185
6186
6189
6189
6190
6191
6192
6193
6194
6194
6195
6195
6195
6199
6199
6199
6201
6202
6202
6204
6204
6207
6211
6211
6213
6214
6214
6214
6214
6215
6215
6216
6217
6217
6218
6218
6219
6220
6222
6222
6222
6222
6224
6224
6226
6228
6230
6231
6236
6237
6239
6242
6242
6244
6246
6246
6247
6247
6248
6250
6252
6252
6253
6253
6254
6255
6256
6257
6257
6258
6258
6259
6263
6263
6263
6268
6270
6271
6273
6274
6275
6275
6275
6277
6277
6277
6279
6281
6284
6284
6287
6292
6293
6293
6293
6294
6295
6295
6296
6296
6297
6298
6298
6298
6300
6302
6302
6303
6303
6308
6310
6311
6311
6312
6312
6313
6313
6314
6314
6315
6317
6319
6319
6320
6320
6320
6321
6321
6323
6323
6323
6324
6324
6324
6324
6325
6326
6326
6327
6327
6328
6331
6332
6333
6334
6334
6334
6337
6337
6337
6337
6338
6339
6341
6341
6343
6343
6345
6346
6347
6348
6349
6350
6350
6351
6353
6354
6355
6357
6357
6357
6358
6359
6360
6360
6361
6362
6364
6365
6365
6366
6366
6366
6366
6366
6367
6368
6368
6368
6369
6370
6371
6371
6371
6371
6372
6374
6375
6375
6377
6377
6378
6379
6382
6384
6384
6386
6389
6390
6390
6392
6394
6395
6396
6399
6399
6401
6402
6404
6405
6405
6406
6408
6408
6409
6409
6410
6410
6412
6412
6416
6416
6417
6418
6419
6422
6423
6424
6426
6426
6426
6427
6428
6429
6429
6431
6432
6433
6434
6435
6436
6437
6439
6439
6440
6440
6442
6443
6443
6447
6449
6451
6451
6451
6452
6453
6453
6453
6455
6456
6458
6459
6459
6459
6462
6462
6463
6463
6464
6465
6465
6468
6468
6470
6471
6472
6474
6474
6475
6475
6475
6476
6476
6477
6477
6479
6480
6481
6482
6482
6488
6490
6493
6494
6495
6496
6499
6501
6502
6503
6505
6506
6507
6507
6508
6508
6511
6512
6517
6519
6519
6519
6520
6520
6521
6521
6524
6526
6527
6527
6528
6529
6530
6530
6531
6531
6534
6535
6538
6538
6538
6538
6539
6540
6542
6544
6545
6545
6546
6547
6548
6548
6549
6552
6553
6554
6557
6557
6557
6557
6559
6561
6562
6562
6562
6565
6566
6567
6567
6568
6569
6571
6571
6571
6572
6572
6573
6574
6574
6575
6575
6576
6577
6578
6579
6579
6580
6582
6583
6583
6585
6586
6588
6588
6589
6589
6590
6591
6592
6593
6594
6595
6595
6599
6599
6600
6600
6601
6601
6602
6603
6604
6604
6606
6606
6608
6611
6612
6613
6614
6616
6617
6620
6621
6621
6622
6622
6623
6623
6623
6626
6626
6626
6628
6628
6629
6631
6631
6632
6633
6633
6633
6635
6635
6636
6636
6636
6638
6639
6639
6641
6641
6644
6644
6646
6646
6648
6648
6648
6649
6650
6651
6652
6653
6654
6658
6659
6660
6660
6661
6661
6661
6662
6667
6668
6669
6671
6671
6672
6672
6673
6673
6674
6677
6678
6678
6679
6679
6679
6679
6680
6687
6688
6688
6688
6690
6690
6691
6691
6692
6692
6693
6694
6695
6695
6698
6700
6701
6701
6708
6708
6708
6710
6711
6712
6712
6713
6713
6714
6714
6714
6715
6717
6718
6719
6719
6720
6722
6723
6724
6725
6726
6726
6727
6727
6733
6735
6735
6736
6738
6738
6739
6739
6739
6741
6744
6745
6745
6746
6746
6747
6748
6749
6749
6750
6751
6751
6753
6755
6755
6755
6755
6757
6757
6757
6758
6759
6761
6761
6762
6763
6764
6764
6764
6767
6769
6770
6773
6774
6774
6774
6776
6777
6778
6778
6780
6781
6781
6783
6786
6789
6789
6789
6792
6792
6793
6794
6795
6795
6797
6797
6798
6800
6800
6801
6804
6804
6805
6805
6806
6806
6808
6809
6809
6809
6815
6816
6816
6816
6816
6816
6817
6817
6818
6819
6819
6819
6820
6822
6822
6822
6824
6827
6828
6829
6831
6831
6832
6833
6833
6836
6838
6839
6840
6842
6843
6846
6847
6848
6848
6849
6853
6853
6853
6855
6856
6856
6856
6862
6863
6864
6865
6868
6869
6870
6871
6872
6874
6874
6876
6876
6878
6879
6879
6879
6880
6880
6881
6881
6881
6882
6882
6882
6885
6885
6886
6886
6888
6889
6890
6890
6892
6893
6894
6894
6894
6898
6899
6900
6901
6902
6903
6903
6904
6906
6907
6907
6908
6908
6911
6911
6911
6912
6913
6914
6914
6915
6916
6916
6916
6918
6918
6920
6920
6920
6920
6920
6920
6920
6922
6922
6923
6923
6924
6925
6927
6927
6927
6928
6928
6928
6928
6930
6931
6932
6932
6932
6933
6934
6935
6939
6940
6943
6944
6944
6944
6945
6946
6947
6947
6947
6949
6950
6954
6955
6956
6957
6957
6958
6958
6958
6959
6959
6962
6963
6963
6963
6964
6966
6966
6966
6969
6970
6970
6971
6974
6974
6976
6976
6977
6977
6979
6981
6981
6983
6983
6983
6984
6984
6985
6988
6992
6994
6994
6996
6996
6998
7000
7000
7001
7001
7003
7003
7003
7005
7007
7008
7009
7009
7009
7011
7012
7013
7015
7017
7020
7020
7024
7024
7026
7026
7029
7030
7031
7031
7034
7035
7035
7036
7036
7039
7040
7042
7042
7042
7044
7044
7044
7047
7047
7049
7049
7049
7049
7050
7051
7052
7053
7053
7057
7059
7060
7060
7061
7062
7062
7066
7068
7068
7068
7069
7070
7071
7072
7072
7073
7077
7080
7080
7080
7080
7081
7081
7081
7084
7084
7084
7084
7085
7086
7086
7086
7088
7091
7092
7092
7093
7093
7094
7094
7094
7094
7095
7096
7098
7099
7099
7099
7099
7100
7101
7102
7102
7103
7104
7109
7109
7114
7115
7115
7115
7117
7117
7118
7118
7119
7119
7119
7121
7121
7123
7123
7124
7124
7124
7124
7125
7125
7127
7127
7128
7129
7130
7131
7132
7132
7132
7134
7136
7136
7136
7136
7137
7138
7138
7141
7141
7144
7144
7146
7147
7148
7149
7152
7152
7155
7155
7156
7157
7157
7158
7158
7159
7161
7161
7163
7163
7165
7166
7167
7168
7170
7171
7172
7172
7172
7173
7173
7173
7175
7175
7176
7177
7177
7178
7179
7179
7179
7179
7180
7181
7181
7183
7185
7185
7185
7186
7188
7188
7189
7190
7191
7193
7193
7196
7196
7197
7197
7201
7201
7203
7203
7205
7209
7209
7210
7215
7216
7216
7221
7222
7222
7222
7223
7225
7225
7226
7226
7230
7232
7232
7234
7234
7236
7239
7241
7242
7242
7242
7243
7243
7244
7247
7248
7249
7249
7250
7251
7255
7260
7261
7262
7262
7262
7263
7268
7268
7269
7270
7271
7272
7273
7273
7274
7275
7276
7277
7277
7278
7278
7278
7279
7280
7280
7280
7281
7282
7283
7283
7283
7284
7285
7286
7286
7286
7287
7288
7289
7291
7292
7294
7297
7299
7300
7301
7302
7303
7304
7304
7306
7306
7308
7309
7310
7310
7310
7311
7315
7317
7317
7318
7320
7320
7321
7321
7322
7323
7323
7323
7323
7325
7325
7326
7326
7327
7330
7331
7332
7334
7334
7335
7337
7337
7339
7340
7344
7346
7347
7350
7351
7351
7351
7352
7352
7352
7353
7353
7353
7354
7354
7355
7356
7356
7361
7361
7361
7364
7365
7365
7366
7367
7368
7369
7370
7375
7375
7375
7376
7377
7380
7382
7383
7384
7384
7386
7388
7389
7390
7392
7393
7395
7396
7397
7397
7398
7400
7403
7404
7406
7406
7408
7408
7409
7409
7409
7409
7410
7414
7416
7418
7418
7418
7419
7420
7420
7422
7423
7424
7426
7426
7427
7429
7429
7429
7430
7430
7432
7432
7432
7432
7433
7433
7435
7437
7438
7441
7442
7442
7443
7443
7444
7445
7447
7449
7452
7452
7452
7453
7454
7455
7455
7455
7457
7458
7458
7460
7461
7462
7464
7464
7466
7467
7468
7469
7469
7470
7470
7471
7471
7471
7471
7473
7474
7474
7474
7476
7476
7477
7477
7478
7478
7480
7480
7480
7482
7485
7485
7486
7486
7486
7487
7490
7491
7492
7493
7493
7494
7496
7496
7498
7498
7499
7503
7504
7505
7506
7510
7511
7512
7512
7513
7514
7514
7515
7519
7521
7522
7522
7523
7523
7524
7524
7524
7524
7526
7526
7526
7527
7527
7529
7531
7532
7533
7536
7536
7540
7540
7543
7543
7544
7544
7546
7546
7546
7549
7551
7551
7554
7555
7556
7558
7558
7558
7559
7559
7559
7559
7560
7561
7563
7564
7565
7566
7567
7567
7567
7567
7573
7573
7576
7576
7578
7578
7578
7578
7578
7579
7579
7579
7580
7580
7581
7584
7584
7584
7586
7587
7587
7587
7588
7589
7590
7591
7591
7591
7591
7592
7599
7604
7606
7608
7609
7609
7609
7610
7611
7611
7612
7613
7615
7617
7617
7619
7620
7620
7621
7622
7627
7627
7628
7628
7629
7629
7629
7630
7630
7630
7632
7633
7634
7635
7636
7637
7639
7639
7640
7640
7641
7641
7642
7644
7644
7644
7646
7646
7647
7648
7648
7648
7649
7651
7651
7652
7653
7654
7657
7657
7658
7659
7661
7662
7663
7664
7666
7667
7667
7668
7668
7668
7668
7669
7669
7671
7672
7672
7673
7673
7675
7675
7676
7676
7677
7679
7679
7680
7681
7681
7682
7683
7684
7684
7685
7685
7686
7686
7686
7687
7688
7690
7691
7692
7693
7694
7694
7695
7695
7697
7698
7703
7704
7705
7706
7707
7707
7708
7709
7710
7711
7712
7713
7713
7717
7719
7721
7722
7723
7723
7724
7724
7726
7727
7727
7728
7731
7733
7733
7733
7734
7734
7735
7736
7737
7738
7738
7739
7739
7739
7740
7741
7741
7744
7745
7745
7746
7746
7750
7751
7752
7754
7755
7755
7756
7757
7757
7758
7758
7759
7759
7760
7760
7761
7762
7764
7767
7768
7769
7770
7770
7770
7770
7772
7773
7775
7778
7778
7779
7783
7784
7789
7789
7790
7791
7791
7792
7792
7792
7794
7795
7796
7797
7798
7801
7801
7802
7803
7805
7806
7807
7807
7808
7809
7810
7810
7812
7813
7813
7815
7815
7816
7816
7816
7817
7817
7817
7819
7822
7825
7825
7827
7828
7828
7829
7830
7830
7831
7831
7832
7833
7835
7836
7837
7838
7840
7843
7843
7845
7845
7846
7848
7850
7852
7853
7853
7858
7859
7859
7859
7859
7859
7859
7860
7862
7862
7863
7863
7864
7865
7866
7868
7869
7872
7872
7872
7872
7873
7873
7874
7874
7875
7875
7877
7877
7878
7879
7879
7880
7881
7882
7883
7883
7883
7886
7889
7890
7890
7892
7893
7895
7897
7897
7897
7898
7898
7899
7900
7902
7902
7902
7904
7905
7905
7905
7905
7906
7907
7908
7909
7912
7913
7913
7914
7915
7915
7915
7917
7918
7919
7919
7920
7921
7925
7926
7926
7927
7927
7927
7928
7929
7930
7930
7931
7931
7933
7935
7935
7935
7936
7937
7938
7939
7940
7940
7941
7942
7942
7943
7947
7948
7952
7953
7954
7955
7955
7955
7956
7956
7960
7961
7961
7961
7962
7963
7963
7964
7965
7965
7965
7966
7968
7972
7973
7973
7975
7978
7980
7980
7981
7983
7983
7984
7985
7987
7987
7988
7989
7991
7995
7995
7996
7998
7999
8002
8004
8004
8005
8006
8009
8009
8011
8011
8011
8012
8012
8013
8014
8015
8016
8016
8019
8022
8022
8023
8024
8027
8028
8029
8031
8032
8034
8034
8035
8036
8037
8039
8040
8041
8041
8043
8043
8044
8044
8045
8047
8047
8049
8049
8049
8049
8050
8050
8051
8052
8053
8053
8054
8058
8059
8060
8060
8062
8063
8063
8064
8065
8066
8067
8068
8069
8069
8070
8070
8070
8072
8072
8073
8073
8073
8073
8075
8075
8077
8077
8077
8078
8081
8082
8082
8082
8085
8086
8087
8089
8089
8090
8090
8092
8092
8093
8094
8094
8095
8096
8096
8097
8098
8098
8099
8099
8099
8100
8100
8100
8101
8101
8103
8103
8103
8104
8105
8105
8108
8108
8109
8110
8112
8113
8113
8115
8115
8116
8116
8117
8121
8123
8123
8127
8127
8127
8129
8131
8131
8133
8134
8136
8137
8139
8141
8141
8141
8142
8142
8146
8146
8147
8147
8148
8149
8150
8150
8151
8151
8153
8153
8153
8153
8154
8155
8155
8157
8157
8159
8161
8161
8164
8164
8165
8166
8166
8167
8167
8168
8168
8169
8171
8171
8171
8171
8172
8173
8174
8174
8175
8175
8176
8177
8179
8180
8181
8181
8182
8183
8184
8185
8185
8188
8188
8189
8190
8191
8193
8193
8194
8197
8198
8199
8200
8200
8201
8201
8203
8203
8203
8205
8206
8208
8208
8210
8210
8211
8211
8211
8213
8215
8215
8215
8216
8218
8220
8222
8222
8224
8225
8228
8228
8229
8233
8236
8236
8237
8238
8245
8245
8245
8245
8247
8247
8248
8249
8250
8250
8251
8252
8252
8253
8253
8253
8254
8254
8254
8255
8255
8256
8256
8256
8257
8257
8259
8259
8259
8260
8260
8261
8261
8262
8263
8264
8266
8266
8267
8267
8268
8269
8270
8271
8273
8274
8275
8275
8276
8276
8277
8277
8279
8279
8280
8281
8282
8283
8284
8284
8286
8288
8288
8290
8291
8292
8294
8294
8295
8296
8299
8300
8300
8301
8302
8303
8304
8306
8306
8307
8308
8309
8310
8313
8314
8314
8315
8315
8316
8317
8317
8318
8320
8320
8322
8322
8323
8324
8326
8328
8329
8331
8331
8332
8334
8334
8334
8335
8339
8339
8339
8340
8341
8341
8343
8345
8346
8346
8348
8350
8355
8356
8356
8358
8358
8359
8359
8360
8361
8363
8363
8365
8366
8367
8368
8370
8370
8371
8375
8376
8379
8382
8383
8386
8387
8387
8388
8388
8389
8390
8393
8393
8394
8394
8394
8395
8395
8397
8397
8398
8398
8402
8402
8402
8402
8403
8404
8404
8404
8404
8405
8406
8407
8408
8409
8410
8411
8412
8412
8413
8414
8416
8418
8420
8422
8422
8423
8423
8424
8425
8425
8427
8428
8429
8429
8430
8430
8430
8430
8435
8437
8443
8444
8445
8445
8446
8446
8447
8448
8450
8450
8450
8451
8454
8459
8460
8462
8464
8464
8464
8466
8466
8467
8469
8472
8474
8478
8481
8482
8482
8482
8483
8484
8484
8486
8488
8489
8491
8492
8492
8492
8494
8494
8494
8494
8495
8495
8495
8495
8495
8495
8496
8496
8498
8501
8501
8501
8502
8502
8503
8503
8505
8505
8505
8505
8505
8510
8510
8511
8511
8512
8513
8513
8514
8514
8515
8516
8516
8517
8517
8518
8519
8522
8523
8523
8524
8526
8526
8528
8530
8532
8533
8535
8535
8536
8538
8538
8540
8540
8545
8545
8545
8545
8546
8546
8547
8548
8550
8553
8553
8555
8556
8557
8557
8558
8558
8558
8558
8560
8560
8560
8561
8561
8562
8563
8565
8565
8566
8567
8576
8576
8577
8577
8578
8580
8582
8584
8584
8585
8585
8586
8586
8588
8588
8588
8589
8590
8590
8591
8592
8593
8593
8594
8598
8598
8599
8600
8600
8601
8602
8602
8603
8604
8608
8609
8612
8612
8617
8619
8619
8621
8622
8625
8626
8628
8628
8629
8629
8631
8631
8631
8631
8632
8633
8633
8633
8635
8637
8637
8638
8638
8639
8640
8641
8644
8646
8647
8648
8649
8650
8651
8651
8652
8655
8656
8657
8657
8658
8658
8659
8661
8662
8662
8663
8664
8664
8664
8664
8666
8667
8667
8667
8669
8669
8670
8671
8674
8675
8677
8680
8681
8683
8683
8683
8684
8684
8684
8685
8686
8687
8687
8687
8689
8691
8691
8692
8694
8695
8696
8696
8696
8696
8697
8698
8701
8701
8703
8703
8705
8709
8710
8711
8712
8712
8712
8714
8714
8714
8714
8715
8715
8718
8719
8721
8721
8723
8725
8726
8728
8728
8728
8729
8729
8730
8730
8730
8731
8732
8734
8734
8734
8734
8735
8735
8736
8737
8737
8738
8739
8739
8739
8740
8741
8742
8742
8743
8745
8747
8747
8747
8750
8750
8750
8750
8751
8751
8753
8754
8756
8757
8758
8758
8758
8758
8759
8759
8760
8761
8762
8763
8764
8764
8769
8769
8770
8771
8771
8772
8774
8775
8776
8778
8781
8781
8783
8784
8785
8787
8787
8789
8790
8790
8790
8791
8792
8792
8794
8797
8798
8799
8800
8800
8800
8801
8803
8803
8804
8805
8805
8805
8807
8807
8810
8810
8811
8811
8812
8813
8813
8814
8815
8817
8821
8823
8823
8826
8827
8829
8830
8830
8833
8833
8835
8837
8838
8838
8840
8844
8844
8846
8847
8848
8849
8850
8850
8851
8852
8854
8854
8856
8858
8861
8862
8863
8865
8865
8867
8867
8867
8868
8868
8869
8869
8874
8874
8875
8876
8880
8882
8884
8884
8885
8885
8885
8886
8887
8890
8892
8893
8893
8895
8895
8896
8899
8902
8902
8902
8904
8906
8906
8907
8909
8910
8911
8911
8912
8914
8917
8917
8918
8920
8921
8924
8925
8926
8926
8926
8926
8928
8932
8934
8934
8936
8936
8937
8939
8940
8942
8943
8943
8943
8947
8947
8947
8947
8950
8950
8951
8953
8954
8955
8960
8961
8961
8962
8962
8963
8965
8966
8967
8968
8971
8971
8972
8972
8973
8974
8975
8976
8976
8980
8980
8981
8982
8982
8983
8985
8985
8987
8987
8989
8990
8990
8994
8995
8995
8998
8999
9000
9009
9010
9011
9011
9012
9013
9014
9016
9017
9019
9019
9020
9022
9023
9024
9024
9025
9026
9027
9030
9030
9031
9032
9032
9033
9034
9035
9036
9037
9037
9037
9039
9040
9042
9049
9049
9050
9050
9051
9051
9051
9052
9052
9054
9057
9058
9059
9060
9060
9060
9061
9063
9063
9064
9064
9065
9066
9068
9069
9069
9069
9069
9070
9071
9071
9072
9073
9074
9074
9075
9077
9078
9078
9078
9078
9079
9079
9079
9080
9081
9083
9084
9087
9089
9089
9091
9093
9094
9094
9096
9096
9098
9098
9098
9100
9100
9101
9103
9104
9104
9104
9105
9106
9106
9107
9107
9108
9108
9108
9109
9110
9111
9111
9111
9112
9113
9115
9115
9116
9116
9118
9119
9121
9122
9122
9123
9125
9125
9127
9128
9131
9132
9134
9135
9135
9135
9136
9136
9137
9137
9138
9139
9141
9141
9142
9143
9144
9144
9145
9146
9147
9148
9149
9149
9149
9152
9152
9153
9153
9155
9156
9157
9157
9159
9160
9160
9161
9161
9163
9164
9164
9165
9170
9172
9173
9173
9174
9175
9175
9177
9177
9178
9179
9181
9181
9181
9182
9182
9183
9184
9186
9187
9187
9188
9188
9188
9188
9189
9189
9190
9190
9191
9191
9192
9194
9194
9195
9195
9196
9196
9196
9196
9199
9199
9199
9200
9200
9202
9202
9203
9204
9209
9209
9210
9210
9210
9211
9212
9212
9213
9213
9213
9214
9215
9217
9219
9219
9219
9220
9220
9221
9222
9222
9223
9223
9224
9225
9226
9227
9227
9228
9229
9229
9230
9230
9234
9235
9237
9237
9237
9240
9241
9242
9242
9242
9242
9244
9244
9246
9247
9249
9250
9251
9253
9253
9254
9255
9256
9257
9258
9258
9258
9261
9262
9264
9266
9266
9266
9269
9270
9270
9271
9271
9272
9275
9276
9277
9280
9281
9281
9281
9282
9283
9283
9284
9284
9286
9287
9287
9288
9288
9292
9292
9292
9294
9295
9297
9299
9299
9299
9299
9300
9301
9301
9301
9302
9302
9303
9303
9305
9305
9307
9307
9310
9311
9312
9313
9314
9315
9315
9316
9316
9316
9318
9319
9319
9320
9321
9321
9321
9322
9324
9324
9324
9325
9325
9326
9327
9328
9328
9329
9331
9331
9331
9331
9334
9335
9335
9336
9337
9339
9340
9341
9341
9342
9344
9352
9354
9354
9355
9359
9359
9360
9360
9361
9362
9363
9364
9365
9366
9367
9369
9370
9371
9371
9375
9376
9377
9377
9377
9378
9378
9380
9380
9381
9382
9383
9384
9384
9385
9385
9385
9386
9387
9388
9388
9391
9391
9392
9393
9394
9396
9397
9401
9402
9403
9404
9404
9406
9406
9406
9406
9407
9409
9411
9411
9414
9414
9417
9417
9417
9417
9418
9418
9418
9418
9419
9420
9422
9424
9424
9426
9426
9427
9428
9429
9429
9430
9430
9431
9431
9433
9434
9434
9437
9439
9439
9439
9439
9440
9443
9443
9446
9446
9448
9448
9449
9450
9451
9453
9456
9456
9457
9459
9460
9461
9461
9461
9463
9464
9466
9466
9466
9467
9469
9469
9469
9470
9470
9471
9472
9473
9473
9473
9474
9477
9478
9478
9478
9479
9480
9480
9484
9485
9485
9486
9488
9492
9493
9494
9495
9495
9496
9498
9498
9500
9503
9504
9504
9505
9505
9506
9507
9507
9508
9508
9510
9511
9511
9514
9517
9517
9517
9518
9519
9519
9519
9520
9521
9521
9521
9522
9522
9524
9525
9526
9528
9528
9530
9531
9531
9532
9533
9534
9536
9536
9537
9538
9538
9538
9538
9538
9544
9544
9544
9544
9544
9545
9545
9550
9550
9550
9551
9552
9552
9552
9553
9553
9554
9554
9555
9556
9556
9558
9559
9560
9561
9561
9562
9565
9567
9570
9571
9572
9573
9574
9575
9575
9575
9576
9576
9577
9578
9580
9581
9581
9581
9584
9585
9587
9588
9588
9589
9590
9591
9591
9593
9593
9596
9596
9600
9600
9600
9601
9604
9607
9607
9608
9609
9609
9610
9612
9612
9613
9614
9615
9615
9615
9615
9618
9620
9622
9622
9623
9625
9628
9628
9629
9629
9633
9633
9634
9634
9635
9635
9636
9637
9637
9637
9638
9638
9638
9639
9639
9639
9640
9640
9642
9643
9645
9647
9650
9650
9651
9652
9654
9657
9657
9659
9661
9662
9663
9664
9667
9668
9670
9670
9671
9672
9673
9673
9675
9676
9676
9677
9677
9678
9679
9680
9683
9685
9687
9687
9688
9689
9690
9690
9691
9691
9692
9693
9693
9695
9695
9695
9698
9701
9704
9704
9704
9704
9705
9705
9706
9707
9707
9709
9709
9710
9712
9712
9713
9714
9716
9716
9716
9717
9717
9719
9721
9723
9724
9726
9727
9727
9729
9730
9730
9734
9735
9740
9740
9741
9742
9744
9744
9744
9745
9746
9746
9746
9748
9748
9749
9750
9751
9751
9751
9751
9753
9754
9754
9754
9755
9756
9757
9758
9759
9759
9760
9761
9761
9763
9763
9764
9765
9766
9767
9769
9769
9769
9770
9772
9772
9772
9774
9776
9778
9778
9778
9779
9779
9780
9780
9780
9780
9781
9781
9782
9783
9784
9787
9788
9788
9789
9789
9789
9790
9791
9793
9795
9795
9795
9795
9797
9798
9799
9802
9802
9804
9805
9807
9807
9809
9810
9812
9812
9813
9813
9813
9815
9816
9816
9818
9820
9822
9822
9822
9827
9827
9828
9831
9831
9831
9832
9833
9834
9834
9835
9837
9839
9839
9842
9843
9843
9843
9844
9844
9846
9846
9847
9847
9848
9848
9848
9850
9850
9850
9851
9852
9852
9852
9853
9853
9854
9854
9855
9857
9857
9857
9857
9858
9859
9859
9860
9861
9861
9862
9864
9872
9873
9873
9875
9876
9876
9876
9877
9878
9878
9879
9879
9881
9882
9882
9883
9883
9883
9884
9884
9885
9885
9885
9886
9886
9886
9888
9889
9890
9890
9891
9891
9892
9893
9893
9894
9894
9896
9898
9898
9899
9900
9901
9902
9903
9905
9907
9908
9908
9909
9909
9910
9910
9912
9913
9914
9914
9914
9915
9915
9918
9919
9921
9921
9922
9923
9925
9926
9926
9928
9929
9930
9931
9932
9932
9933
9933
9933
9935
9935
9935
9935
9935
9936
9937
9937
9937
9938
9940
9941
9941
9942
9943
9943
9943
9943
9944
9944
9945
9945
9950
9952
9953
9954
9954
9954
9955
9956
9957
9959
9961
9961
9965
9965
9965
9966
9967
9967
9969
9969
9972
9972
9975
9975
9976
9977
9981
9982
9982
9982
9983
9984
9986
9986
9986
9987
9988
9988
9988
9990
9991
9992
9995
9997
9998
9999
